0.069604
0.062494
0.145011
0.155148
0.081838
0.111248
0.109368
0.289782
0.134961
0.242992
0.209248
0.181222
0.128017
0.163886
0.233050
0.201359
0.230983
0.181440
0.291092
0.284515
0.228048
0.272443
0.239297
0.103171
0.233039
0.141833
0.176977
0.109225
0.100680
0.147718
0.122563
0.129845
0.159722
0.266471
0.229989
0.119335
0.122613
0.196326
0.143254
0.166313
0.206023
0.125246
0.076167
0.142468
0.116117
0.105488
0.101618
0.117182
0.230921
0.188110
0.056687
0.061075
0.028333
0.027374
0.312888
0.367925
0.120963
0.236018
0.187024
0.076812
0.118400
0.128895
0.084087
0.099748
0.131468
0.146471
0.188766
0.147382
0.162925
0.090039
0.158642
0.315763
0.133103
0.113791
0.118900
0.093539
0.119203
0.085479
0.098082
0.090091
0.095245
0.073799
0.054203
0.062324
0.094189
0.106140
0.129654
0.078488
0.075127
0.174336
0.138894
0.067751
0.041824
0.043271
0.029605
0.031118
0.041986
0.049494
0.126032
0.096508
0.078256
0.062595
0.102358
0.032205
0.049856
0.577110
0.020972
0.029542
0.122849
0.077178
0.087212
0.055453
0.030826
0.021709
0.037718
0.099107
0.092395
0.036619
0.077544
0.039066
0.045720
0.048040
0.019371
0.022779
0.012936
0.019132
0.052073
0.010533
0.012848
0.010193
0.010886
0.012565
0.025128
0.051695
0.036558
0.004227
0.102791
0.031331
0.236373
0.017025
0.037526
0.020593
0.022255
0.005871
0.014792
0.030880
0.012688
0.029029
0.028104
0.076043
0.132476
0.052823
0.280628
0.003245
0.018831
0.035549
0.055005
0.065389
0.069812
0.024838
0.008466
0.132841
0.007703
0.067549
0.039285
0.025506
0.058732
0.044184
0.054501
0.029758
0.341024
0.019496
0.021519
0.023498
0.060504
0.145020
0.011644
0.088003
0.032196
0.010147
0.215650
0.004248
0.014722
0.061457
0.040631
0.009883
0.010704
0.015973
0.010659
0.051393
0.049926
0.128931
0.021975
0.018359
0.032992
0.011202
0.004244
0.099731
0.010465
0.015149
0.034078
0.009473
0.014752
0.010790
0.026337
0.023111
0.015446
0.013737
0.013214
0.063711
0.051623
0.045876
0.012472
0.012673
0.094466
0.150438
0.179585
0.015421
0.007590
0.042458
0.047239
0.011912
0.022162
0.020812
0.030632
0.026984
0.038082
0.101466
0.048488
0.074883
0.017396
0.014627
0.014915
0.009786
0.031404
0.028827
0.028743
0.034184
0.008230
0.028804
0.040602
0.028540
0.024838
0.019185
0.043935
0.018983
0.003615
0.035917
0.018137
0.025650
0.035819
0.026373
0.024003
0.031195
0.055464
0.048519
0.082865
0.060274
0.034627
0.068899
0.081871
0.091837
0.049551
0.035982
0.151206
0.064006
0.124753
0.508421
0.059807
0.061420
0.018039
0.025629
0.098159
0.055832
0.075295
0.098377
0.064655
0.046993
0.104658
0.154895
0.356219
0.219589
0.122260
0.091686
0.047147
0.104660
0.085002
0.076306
0.080992
0.082089
0.087133
0.121618
0.028989
0.074525
0.101872
0.070694
0.048482
0.033836
0.072919
0.127481
0.055055
0.126433
0.116851
0.129090
0.266330
0.239127
0.091225
0.161208
0.168096
0.159908
0.121698
0.193966
0.233989
0.187649
0.133302
0.246969
0.376259
0.124552
0.146008
0.122752
0.104308
0.150763
0.168925
0.165830
0.165054
0.020872
0.037864
0.090114
0.121231
0.123421
0.257773
0.256922
0.218913
0.282333
0.206506
0.170814
0.038627
0.104292
0.073500
0.163705
0.158626
0.141933
0.212761
0.068705
0.123862
0.135905
0.335805
0.580980
0.641541
0.406042
0.378806
0.380642
0.354216
0.240878
0.076653
0.211443
0.141626
0.297527
0.247724
0.233054
0.254047
0.197979
0.387516
0.149190
0.175317
0.151718
0.121873
0.087797
0.178073
0.275417
0.361653
0.372005
0.209293
0.373802
0.367996
0.284008
0.221819
0.320175
0.106960
0.238647
0.082949
0.148225
0.230395
0.214026
0.234353
0.142183
0.147866
0.241145
0.488181
0.339129
0.111514
0.113371
0.159621
0.074957
0.087516
0.082784
0.076146
0.258260
0.105549
0.052149
0.093369
0.387966
0.066652
0.127534
0.108863
0.099007
0.125480
0.111704
0.070716
0.080515
0.191823
0.219639
0.243932
0.123988
0.057884
0.152520
0.209434
0.099310
0.068888
0.047054
0.114644
0.627543
0.145761
0.162870
0.083560
0.116950
0.070817
0.118116
0.118932
0.100811
0.092262
0.148442
0.080951
0.122366
0.342645
0.313687
0.287038
0.319767
0.199788
0.126521
0.074868
0.159563
0.081440
0.032415
0.982822
0.062083
0.068046
0.118776
0.053343
0.077438
0.122251
0.053059
0.073610
0.063060
0.756840
0.034177
0.064387
0.078380
0.045631
0.030793
0.060852
0.146135
0.046826
0.058220
0.139640
0.097719
0.110373
0.049156
0.062704
0.056069
0.061227
0.041982
0.073875
0.057820
0.076197
0.055174
0.041851
0.111298
0.026211
0.038613
0.046585
0.069630
0.056926
0.009723
0.007242
0.024160
0.080617
0.108281
0.029846
0.033811
0.020840
0.031846
0.090174
0.081582
0.013131
0.028459
0.041041
0.021245
0.074242
0.046849
0.051155
0.030135
0.032118
0.022361
0.048313
0.037526
0.052299
0.043357
0.020224
0.031953
0.030880
0.031028
0.430002
0.026709
0.032960
0.019474
0.008540
0.280628
0.204638
0.060720
0.067072
0.053399
0.008266
0.069812
0.045078
0.052030
0.086276
0.024513
0.025932
0.018839
0.023652
0.071969
0.043832
0.037174
0.008507
0.005982
0.006144
0.155260
0.088944
0.106541
0.028514
0.100791
0.033694
0.090671
0.012784
0.006967
0.011968
0.022278
0.019715
0.025371
0.029474
0.026680
0.109737
0.038120
0.011310
0.209097
0.015098
0.306572
0.007166
0.010776
0.009810
0.057602
0.187922
0.121361
0.015149
0.018047
0.017406
0.039720
0.014448
0.024361
0.006474
0.012418
0.021230
0.011437
0.203724
0.069614
0.020198
0.012472
0.002682
0.181827
0.015063
0.198494
0.039723
0.006860
0.006535
0.006980
0.011835
0.306234
0.060497
0.073546
0.044018
0.004710
0.015259
0.019672
0.034479
0.024827
0.057820
0.061185
0.071466
0.073964
0.039459
0.030526
0.018603
0.029892
0.130196
0.075012
0.059233
0.045259
0.068622
0.078875
0.040388
0.019020
0.035759
0.022436
0.020434
0.022087
0.018897
0.067440
0.022444
0.024381
0.054113
0.020287
0.049068
0.037772
0.035541
0.021175
0.062393
0.030647
0.012128
0.032170
0.604658
0.037486
0.067028
0.049770
0.023216
0.027370
0.020590
0.195453
0.047954
0.083168
0.070752
0.072288
0.082423
0.076602
0.087411
0.083034
0.038061
0.066970
0.101729
0.108490
0.105529
0.136221
0.115892
0.123324
0.078739
0.041929
0.074727
0.079422
0.090916
0.060318
0.041534
0.067045
0.170718
0.297421
0.309818
0.167458
0.059082
0.074582
0.067172
0.113601
0.138480
0.276493
1.000000
0.207937
0.085268
0.257736
0.252661
0.281295
0.230172
0.234886
0.220831
0.136426
0.144655
0.185633
0.263197
0.439394
0.537122
0.511982
0.267082
0.231539
0.274449
0.301595
0.211820
0.665473
0.212105
0.162348
0.321225
0.302719
0.196324
0.108025
0.134719
0.243196
0.272070
0.459653
0.338377
0.379465
0.280136
0.235000
0.295238
0.104045
0.324314
0.847154
0.477910
0.430458
0.212775
0.198789
0.468076
0.465084
0.415225
0.291331
0.439288
0.332939
0.239476
0.330707
0.380562
0.443282
0.240659
0.262906
0.679974
0.084930
0.043157
0.250338
0.159195
0.102402
0.179268
0.208524
0.468199
0.488678
0.148824
0.142714
0.109900
0.128184
0.158633
0.252822
0.254467
0.154789
0.120575
0.075952
0.142307
0.226597
0.195762
0.203301
0.090536
0.090950
0.176027
0.212853
0.220137
0.152390
0.070186
0.078100
0.090359
0.122247
0.186661
0.111216
0.132511
0.156490
0.213863
0.306420
0.167954
0.554780
0.394481
0.713996
0.174816
0.152447
0.055898
0.037069
0.109898
0.134057
0.212322
0.272073
0.157888
0.313322
0.323031
0.161687
0.568170
0.494562
0.147877
0.191739
0.173857
0.173922
0.122358
0.173754
0.145732
0.141214
0.031067
0.099509
0.152937
0.152328
0.111321
0.093878
0.085478
0.071035
0.120875
0.075399
0.132077
0.155229
0.159350
0.137777
0.087645
0.054301
0.097720
0.082097
0.095779
0.055283
0.027773
0.069639
0.166454
0.099691
0.162107
0.162104
0.073924
0.067767
0.230494
0.060311
0.024176
0.112100
0.090103
0.119531
0.155223
0.152410
0.089518
0.027394
0.065321
0.059643
0.053728
0.042539
0.050729
0.057064
0.052596
0.059760
0.038338
0.027348
0.030037
0.028407
0.148824
0.427930
0.072721
0.052150
0.051032
0.045922
0.081018
0.058605
0.011992
0.009116
0.015918
0.047635
0.031902
0.056477
0.010233
0.029568
0.084320
0.026644
0.018606
0.027469
0.048602
0.035152
0.102791
0.041291
0.036387
0.077463
0.074387
0.043916
0.043357
0.008571
0.010456
0.027661
0.043402
0.007212
0.078547
0.064356
0.025259
0.040625
0.014277
0.033704
0.030236
0.125350
0.008659
0.330052
0.013266
0.005456
0.038652
0.433902
0.009251
0.005192
0.017631
0.023652
0.009385
0.005983
0.007254
0.111620
0.063158
0.061945
0.006810
0.016032
0.060504
0.058012
0.216188
0.101014
0.027757
0.005745
0.005534
0.077296
0.016112
0.057800
0.017631
0.049525
0.008199
0.015016
0.009828
0.003652
0.008282
0.124481
0.015913
0.018359
0.120626
0.025052
0.225982
0.143170
0.050368
0.015149
0.034078
0.024333
0.039720
0.029325
0.045818
0.139322
0.010122
0.002956
0.006817
0.063711
0.051623
0.019296
0.012472
0.099831
0.094466
0.003914
0.068029
0.003306
0.032526
0.076381
0.009517
0.211777
0.021122
0.032419
0.027365
0.011147
0.020191
0.042120
0.010931
0.016714
0.025473
0.015534
0.020679
0.035355
0.053313
0.016361
0.034681
0.143872
0.029892
0.043487
0.006565
0.041974
0.047870
0.011185
0.012457
0.087770
0.007929
0.014508
0.036406
0.032831
0.016587
0.085324
0.081153
0.086403
0.128471
0.017141
0.043790
0.053717
0.022633
0.050106
0.026805
0.034263
0.273055
0.435225
0.184439
0.073203
0.028820
0.023397
0.077371
0.036826
0.057385
0.059762
0.056635
0.108379
0.519009
0.088070
0.124041
0.094851
0.104316
0.112535
0.111716
0.167236
0.140514
0.264217
0.295705
0.278709
0.180553
0.089644
0.124149
0.078739
0.101185
0.140779
0.114669
0.203564
0.128710
0.082721
0.113334
0.108639
0.092984
0.110304
0.126184
0.117382
0.084921
0.115751
0.123416
0.195150
0.240106
0.211215
0.128701
0.100661
0.125636
0.089523
0.187103
0.144404
0.140686
0.113475
0.110982
0.091281
0.074168
0.139757
0.337994
0.257555
0.130303
0.137300
0.145150
0.301263
0.340147
0.233215
0.189117
0.182930
0.199100
0.250402
0.365322
0.191721
0.222130
0.352805
0.210586
0.263478
0.133881
0.165470
0.257842
0.296643
0.207267
0.160183
0.108369
0.133152
0.126851
0.209815
0.240488
0.272505
0.207074
0.322963
0.456104
0.264733
0.344616
0.493091
0.299686
0.403981
0.558462
0.567223
0.904334
0.505034
0.702096
0.142016
0.194088
0.341717
0.157785
0.235048
0.111320
0.042208
0.073646
0.131303
0.282090
0.517219
0.077894
0.179833
0.272889
0.165144
0.068921
0.126973
0.224369
0.237852
0.213582
0.315311
0.061943
0.267213
0.280048
0.407001
0.254461
0.150789
0.151995
0.150533
0.194632
0.158762
0.125439
0.230665
0.242872
0.459843
0.320717
0.173012
0.343811
0.353555
0.162783
0.157109
0.240517
0.239731
0.164463
0.132911
0.189986
0.173025
0.093840
0.053960
0.400228
0.060994
0.052526
0.364988
0.277889
0.053532
0.113115
0.064998
0.063825
0.059910
0.021429
0.117934
0.193966
0.275219
0.214040
0.245961
0.184619
0.217186
0.203368
0.960970
0.094363
0.073691
0.152283
0.154138
0.683506
0.174701
0.167307
0.183392
0.233579
0.293727
0.192321
0.107845
0.059547
0.058966
0.063981
0.125450
0.199611
0.148182
0.051377
0.053179
0.038230
0.075637
0.127650
0.049113
0.062991
0.079411
0.127916
0.071330
0.075071
0.031481
0.036534
0.077814
0.081706
0.067405
0.085086
0.129542
0.045712
0.041939
0.144833
0.046586
0.110116
0.059566
0.051634
0.047812
0.103360
0.067433
0.047332
0.028915
0.019533
0.057184
0.095234
0.036327
0.042574
0.066440
0.065194
0.088735
0.144111
0.038793
0.048940
0.109333
0.037713
0.027346
0.056684
0.019654
0.029767
0.017014
0.054344
0.017157
0.014802
0.252738
0.031331
0.007371
0.116973
0.012017
0.066704
0.043357
0.063026
0.031953
0.030880
0.009502
0.099761
0.149592
0.040986
0.005886
0.188837
0.280628
0.061921
0.026120
0.125350
0.033262
0.045116
0.069812
0.023158
0.024781
0.016750
0.107813
0.465702
0.007622
0.020043
0.071969
0.012626
0.119939
0.053512
0.069618
0.007640
0.007283
0.018683
0.111867
0.023848
0.020000
0.054727
0.036732
0.021047
0.012097
0.009463
0.014421
0.153940
0.071489
0.062713
0.008518
0.003964
0.011304
0.011808
0.074134
0.564208
0.011004
0.004324
0.009144
0.002510
0.225982
0.091416
0.051491
0.015149
0.005401
0.014098
0.016417
0.022856
0.026337
0.056302
0.012418
0.009036
0.008750
0.011837
0.062519
0.007847
0.012749
0.007951
0.132783
0.085729
0.311162
0.034696
0.393502
0.056418
0.067854
0.035126
0.013052
0.007584
0.017015
0.009332
0.021674
0.036157
0.043736
0.050651
0.019941
0.025439
0.185540
0.031613
0.053368
0.076734
0.065618
0.033801
0.045788
0.030737
0.089352
0.042337
0.051199
0.040632
0.031856
0.145678
0.168746
0.079494
0.243467
0.024447
0.157942
0.030336
0.031106
0.020588
0.018356
0.109331
0.065229
0.067708
0.081762
0.097421
0.067986
0.050996
0.066112
0.075214
0.044699
0.019329
0.069335
0.190850
0.046613
0.110672
0.054570
0.046393
0.116118
0.030144
0.199068
0.526742
0.101719
0.094424
0.154565
0.069692
0.092806
0.019661
0.088035
0.087888
0.172640
0.128541
0.088013
0.054245
0.067095
0.079809
0.160824
0.183830
0.083993
0.076970
0.076089
0.089411
0.175372
0.285389
0.231470
0.118987
0.086210
0.063780
0.186891
0.244808
0.146161
0.065694
0.035814
0.031079
0.085941
0.067265
0.078642
0.093095
0.048629
0.107873
0.078907
0.092819
0.031296
0.107678
0.100560
0.024774
0.088564
0.098898
0.118278
0.148266
0.145164
0.122396
0.189668
0.084139
0.177340
0.278951
0.286538
0.333473
0.201254
0.152591
0.217458
0.165449
0.116145
0.322278
0.236677
0.128869
0.168758
0.101909
0.229571
0.315737
0.217928
0.086546
0.210551
0.222541
0.921107
0.108684
0.149351
0.243727
0.249647
0.156064
0.241934
0.568575
0.615289
0.430083
0.227965
0.161240
0.144065
0.289282
0.528539
0.583416
0.501296
0.340119
0.260208
0.128701
0.157209
0.251909
0.296976
0.306539
0.256727
0.217724
0.377413
0.276388
0.203448
0.151280
0.083666
0.146489
0.099272
0.522397
0.134980
0.141954
0.146748
0.173972
0.168879
0.158627
0.138873
0.279778
0.212775
0.195602
0.224532
0.248480
0.238140
0.092853
0.122617
0.094181
0.077824
0.080910
0.074161
0.086860
0.062279
0.076928
0.129335
0.135043
0.060859
0.281552
0.027090
0.052616
0.160068
0.309071
0.331053
0.195535
0.205863
0.212685
0.143723
0.124068
0.211166
0.506002
0.322268
0.323132
0.274793
0.319432
0.281576
0.360023
0.212647
0.181713
0.145219
0.107607
0.130858
0.233664
0.157141
0.149434
0.054269
0.130414
0.134142
0.057343
0.047244
0.060429
0.215540
0.329360
0.080426
0.085372
0.206244
0.127271
0.108443
0.017492
0.057473
0.058966
0.068696
0.031988
0.047046
0.016723
0.215275
0.028648
0.071158
0.053611
0.064682
0.009983
0.046192
0.078815
0.092386
0.080021
0.089745
0.129046
0.079598
0.022867
0.168872
0.211134
0.126841
0.152929
0.142078
0.076179
0.046642
0.036107
0.044995
0.070011
0.225823
0.121024
0.013884
0.030851
0.029431
0.056562
0.073340
0.073677
0.013055
0.010085
0.086843
0.051759
0.028947
0.059583
0.078672
0.041250
0.156825
0.182458
0.023998
0.046268
0.081799
0.117443
0.070425
0.025500
0.030879
0.015676
0.030375
0.030937
0.089742
0.030718
0.015557
0.010637
0.045184
0.051844
0.024500
0.150030
0.017942
0.022404
0.014531
0.043236
0.057935
0.025407
0.028339
0.034824
0.021837
0.017159
0.046131
0.015863
0.007852
0.051881
0.039466
0.019261
0.025408
0.147791
0.117027
0.136403
0.107746
0.012749
0.014217
0.018600
0.088944
0.004796
0.058012
0.013153
0.009259
0.009456
0.012784
0.094968
0.141671
0.011750
0.013221
0.038781
0.013995
0.013814
0.099654
0.026269
0.137270
0.064168
0.048187
0.012805
0.048702
0.017056
0.013470
0.013004
0.004726
0.050368
0.015149
0.078786
0.005180
0.027522
0.019129
0.015424
0.056302
0.012418
0.021448
0.013214
0.063711
0.010834
0.019121
0.021132
0.013384
0.054823
0.059582
0.051421
0.056065
0.029821
0.340839
0.267119
0.534993
0.023352
0.255548
0.088337
0.020659
0.020822
0.068577
0.038479
0.043189
0.069989
0.094270
0.041104
0.033908
0.097665
0.017450
0.034374
0.012143
0.037888
0.051170
0.027336
0.048268
0.018767
0.012079
0.043935
0.196007
0.045738
0.026465
0.015769
0.011292
0.057979
0.054780
0.085853
0.029728
0.017262
0.016749
0.037173
0.052435
0.019768
0.007971
0.012794
0.096588
0.055170
0.048279
0.068234
0.056769
0.055217
0.190850
0.022423
0.128098
0.125295
0.084256
0.092697
0.132249
0.074939
0.162596
0.175684
0.093126
0.075952
0.041884
0.054682
0.082810
0.099715
0.060040
0.086461
0.056769
0.137737
0.150403
0.149179
0.056099
0.141322
0.148183
0.161217
0.222228
0.096133
0.108771
0.103678
0.144435
0.074466
0.094773
0.074450
0.041258
0.034300
0.060294
0.067778
0.132860
0.105569
0.092561
0.118735
0.013094
0.056342
0.143265
0.144601
0.080217
0.076958
0.045335
0.148645
0.120728
0.093655
0.110241
0.078241
0.245844
0.048191
0.103077
0.104524
0.228959
0.219766
0.105426
0.111300
0.223138
0.194187
0.119940
0.068013
0.733678
0.261907
0.158564
0.225595
0.234910
0.078871
0.383364
0.310163
0.108351
0.306829
0.163830
0.136717
0.153033
0.167321
0.232619
0.219190
0.570017
0.405349
0.221426
0.292117
0.408529
0.338970
0.094438
0.088048
0.062386
0.065369
0.349959
0.162112
0.477011
0.541632
0.416218
0.529439
0.230342
0.139054
0.114315
0.112212
0.288415
0.487768
0.459180
0.341069
0.341743
0.363558
0.738268
0.478314
0.365670
0.325439
0.203204
0.142811
0.302318
0.252289
0.641862
0.593594
0.578609
0.457479
0.488162
0.315192
0.266607
0.203863
0.231522
0.233745
0.234251
0.212281
0.152717
0.316976
0.385494
0.145138
0.061351
0.153443
0.211076
0.324488
0.069970
0.270077
0.200077
0.156463
0.186992
0.207936
0.471007
0.385469
0.215848
0.128208
0.095165
0.128412
0.172318
0.195315
0.215436
0.191843
0.414580
0.357480
0.493580
0.205978
0.125118
0.214547
0.115179
0.192934
0.165056
0.130983
0.181547
0.205394
0.233155
0.244852
0.383387
0.538546
0.168455
0.173168
0.110579
0.490269
0.155619
0.086402
0.108997
0.171178
0.030721
0.067508
0.091258
0.082472
0.099065
0.051753
0.059328
0.032743
0.103793
0.090418
0.109285
0.045768
0.041191
0.045699
0.096994
0.061094
0.023598
0.086253
0.067774
0.051406
0.045101
0.055142
0.129911
0.089149
0.067117
0.039131
0.033326
0.045827
0.025409
0.094530
0.075382
0.040373
0.049353
0.030334
0.089558
0.059081
0.028086
0.039243
0.020325
0.301042
0.035847
0.058290
0.042639
0.053102
0.047693
0.018897
0.030643
0.033099
0.027703
0.102051
0.056797
0.057551
0.017287
0.009973
0.493985
0.036513
0.025002
0.035152
0.102791
0.021034
0.011842
0.033960
0.028129
0.040539
0.077097
0.008095
0.091928
0.019796
0.037706
0.008062
0.038299
0.013631
0.018737
0.017903
0.784370
0.010082
0.009445
0.370440
0.013656
0.229543
0.179011
0.004368
0.008893
0.020806
0.018528
0.018261
0.020528
0.023652
0.071969
0.039341
0.387243
0.009929
0.129689
0.110277
0.046382
0.297562
0.018811
0.034667
0.072355
0.033371
0.039362
0.014196
0.038251
0.021598
0.007882
0.062607
0.038781
0.016346
0.014968
0.086600
0.053675
0.092926
0.039197
0.137580
0.484176
0.013243
0.007359
0.011202
0.829079
0.021532
0.018153
0.015149
0.034078
0.014098
0.100189
0.122255
0.026337
0.056302
0.011686
0.207218
0.025853
0.025279
0.086722
0.003439
0.012588
0.010108
0.094466
0.029895
0.136139
0.070723
0.007381
0.012717
0.641099
0.465018
0.012353
0.028799
0.015373
0.040018
0.015665
0.060910
0.101915
0.053240
0.013177
0.297527
0.035297
0.021320
0.083687
0.112995
0.012303
0.015928
0.027660
0.022625
0.302397
0.031490
0.131747
0.070203
0.082570
0.064583
0.064316
0.029905
0.019461
0.082332
0.045229
0.016056
0.032441
0.064140
0.118837
0.091071
0.531449
0.238409
0.057160
0.110650
0.099786
0.088252
0.090302
0.041667
0.025787
0.095688
0.100400
0.164554
0.047051
0.303799
0.061652
0.148064
0.029892
0.091956
0.052150
0.027997
0.107677
0.018796
0.048692
0.064835
0.076196
0.030565
0.069883
0.090448
0.100177
0.071913
0.175217
0.358002
0.301258
0.096957
0.074718
0.041749
0.037445
0.167294
0.065742
0.244559
0.137646
0.142925
0.205538
0.261554
0.301770
0.042394
0.075649
0.123423
0.136522
0.002047
0.003561
0.003450
0.158447
0.025803
0.051636
0.113594
0.123921
0.121452
0.140023
0.152077
0.148645
0.120728
0.081518
0.115315
0.097838
0.110864
0.062711
0.199700
0.160128
0.183741
0.090457
0.041753
0.119015
0.191275
0.042558
0.242375
0.099019
0.112750
0.071641
0.186343
0.138903
0.356450
0.457018
0.589528
0.574747
0.266913
0.197789
0.200789
0.183931
0.153431
0.099716
0.196910
0.165993
0.112473
0.250782
0.118293
0.165853
0.165266
0.252902
0.654831
0.421296
0.273803
0.126764
0.054688
0.398415
0.085079
0.191683
0.394163
0.260724
0.150755
0.060983
0.145011
0.050825
0.186509
0.122793
0.041542
0.160832
0.242335
0.178149
0.191584
0.152499
0.214820
0.145507
0.428520
0.503965
0.274350
0.181440
0.291092
0.145071
0.234604
0.312171
0.313810
0.291365
0.265213
0.332422
0.150698
0.128055
0.147886
0.148199
0.128657
0.061263
0.263657
0.221435
0.142074
0.234885
0.234084
0.255336
0.260031
0.307901
0.239404
0.199769
0.265833
0.107133
0.141676
0.266703
0.254244
0.163770
0.061699
0.177084
0.171498
0.213842
0.053335
0.177339
0.276525
0.854774
0.802008
0.576410
0.222931
0.266713
0.067951
0.108568
0.101397
0.167781
0.308637
0.225439
0.393269
0.154659
0.137351
0.077692
0.166803
0.120072
0.159330
0.084041
0.070056
0.137047
0.022631
0.102977
0.073680
0.243419
0.088757
0.063104
0.085128
0.079965
0.077646
0.079296
0.089274
0.071247
0.106315
0.024953
0.060991
0.063292
0.098241
0.049872
0.036431
0.068598
0.076049
0.029785
0.090402
0.102525
0.031915
0.035797
0.020884
0.051214
0.024740
0.015453
0.026147
0.026415
0.016072
0.058631
0.026375
0.011538
0.066527
0.021793
0.027489
0.026696
0.057184
0.095234
0.044506
0.044406
0.055609
0.053102
0.047693
0.051932
0.030643
0.033099
0.052073
0.062603
0.026292
0.072836
0.026736
0.023998
0.015048
0.054344
0.048602
0.035152
0.102791
0.031331
0.055002
0.014083
0.042159
0.052299
0.043357
0.020224
0.031953
0.030880
0.031028
0.099761
0.078547
0.040986
0.009573
0.053877
0.280628
0.061921
0.028460
0.125350
0.033134
0.116700
0.069812
0.024838
0.024781
0.116405
0.072564
0.020852
0.020528
0.023652
0.071969
0.043832
0.097056
0.053512
0.103703
0.036620
0.007039
0.088944
0.060504
0.058012
0.072355
0.053345
0.039362
0.012784
0.062245
0.044374
0.013783
0.061457
0.038781
0.030323
0.013814
0.018197
0.024976
0.051393
0.074134
0.007760
0.006796
0.018359
0.032992
0.005168
0.225982
0.091416
0.050368
0.015149
0.034078
0.014098
0.039720
0.036467
0.019747
0.056302
0.012418
0.045937
0.013214
0.014004
0.028428
0.019296
0.003419
0.007936
0.008431
0.015026
0.008141
0.022939
0.025772
0.089225
0.173301
0.211777
0.020128
0.017821
0.042045
0.008853
0.020191
0.054082
0.006130
0.011883
0.007511
0.008437
0.059787
0.033908
0.065567
0.048638
0.034374
0.003783
0.029892
0.051170
0.015474
0.041974
0.015411
0.022852
0.013919
0.016655
0.010799
0.029371
0.034414
0.032831
0.055941
0.048329
0.022808
0.042416
0.017640
0.041867
0.029505
0.012611
0.010680
0.061765
0.051736
0.070722
0.049959
0.096287
0.107120
0.152276
0.069335
0.190850
0.023254
0.110672
0.057385
0.033643
0.098159
0.077752
0.167272
0.162422
0.107677
0.071769
0.049664
0.170356
0.138320
0.086248
0.038878
0.116001
0.135103
0.124353
0.020208
0.140749
0.023045
0.078739
0.101185
0.118481
0.084289
0.130139
0.115871
0.078190
0.107593
0.041565
0.051094
0.170486
0.135188
0.041382
0.087238
0.123423
0.101844
0.128893
0.125461
0.074076
0.241271
0.136880
0.050002
0.147684
0.130611
0.234216
0.175397
0.193033
0.088262
0.135476
0.271301
0.346406
0.150512
0.301595
0.390268
0.107676
0.158385
0.154505
0.144469
0.242777
0.229327
0.139230
0.090956
0.172289
0.249811
0.390419
0.270782
0.135708
0.142858
0.223986
0.227858
0.187627
0.194415
0.217144
0.100109
0.201041
0.145809
0.087637
0.297900
0.320129
0.184206
0.153965
0.265025
0.292521
0.330504
0.061049
0.162588
0.168399
0.218740
0.155811
0.043587
0.291121
0.068101
0.055349
0.084793
0.394163
0.079272
