-0.999531
0.763015
-0.750560
-0.996781
-0.879878
-0.984835
-0.993567
-0.833309
-0.998026
-0.986894
-0.990759
-0.995365
-0.982661
-0.639848
-0.690962
-0.936787
-0.574898
-0.732633
-0.789370
-0.701935
-0.727280
-0.897304
-0.898618
-0.944358
-0.605639
-0.617650
-0.646533
-0.993607
-0.949955
-0.979655
-0.992305
-0.999378
-0.777414
-0.807382
-0.828898
-0.967761
-0.982475
-0.474490
-0.999689
-0.998946
-0.998137
-0.994319
-0.959901
-0.979764
-0.997572
-0.991682
-0.982885
-0.996790
-0.991188
-0.986579
-0.933513
-0.981148
-0.967497
-0.792109
-0.937807
-0.992931
-0.665450
-0.934947
-0.920302
-0.928571
-0.982700
-0.948680
-0.993369
-0.983718
-0.992700
-0.997508
-0.998468
-0.907396
-0.864012
-0.972291
-0.895699
-0.733782
-0.152068
0.071301
-0.976433
-0.981762
0.841255
-0.891824
-0.944676
-0.961550
-0.999911
-0.999349
-0.431376
-0.622856
-0.460028
-0.562137
-0.738462
0.318931
-0.941561
-0.920194
-0.916341
-0.981009
-0.931933
-0.924439
-0.343133
-0.983269
-0.981432
-0.963862
-0.950608
-0.911190
0.695455
-0.706978
-0.287771
-0.958609
-0.797510
0.019669
-0.920164
-0.317735
0.060050
-0.226159
-0.321847
-0.815473
-0.917009
0.157133
-0.899134
-0.260927
-0.253786
0.322575
0.477625
0.230357
-0.986236
-0.178688
-0.837630
-0.506552
0.874105
-0.297628
-0.572347
-0.413901
-0.167156
0.076953
0.110732
-0.682738
0.751994
0.228389
0.701091
-0.985612
-0.746339
0.297273
0.518249
0.147672
-0.415477
0.354128
0.457716
0.591580
-0.943437
-0.831923
-0.819794
-0.751916
-0.759112
-0.694704
0.106593
0.654508
-0.826607
0.750694
0.740584
0.689750
-0.696863
-0.835295
0.564433
-0.577317
0.533141
-0.609772
0.342766
0.535801
0.180329
0.455656
0.476040
0.105981
0.648808
0.694305
0.859005
0.386180
0.483833
0.434933
-0.870877
0.863842
0.721058
-0.576206
0.218744
0.443379
-0.102407
0.772032
0.615076
-0.630076
-0.659586
0.377331
-0.929381
0.394938
0.766641
-0.671572
-0.234037
-0.047852
0.121925
-0.963452
-0.901060
-0.996869
-0.751774
0.571372
-0.799135
0.451386
-0.011460
0.349576
0.415940
0.374697
0.541405
0.685308
0.313157
0.313458
-0.055088
0.758524
-0.802550
0.447114
-0.770186
0.984887
-0.216599
-0.706992
0.250232
0.184667
0.155515
-0.203401
0.026382
0.669037
-0.981742
-0.990970
-0.318524
-0.698348
0.496617
-0.490707
0.134113
0.188206
0.534753
0.060009
-0.055422
-0.918075
0.624912
-0.771076
-0.016405
0.491054
-0.943539
0.177842
0.292188
0.160148
0.452402
0.651111
-0.300314
-0.192895
0.239905
-0.235232
-0.867287
-0.903655
-0.898470
-0.966954
-0.962154
-0.994740
-0.966412
-0.965082
-0.967752
0.210572
0.172092
0.513037
0.092022
0.101660
0.393083
-0.947023
0.538090
0.239380
0.207360
-0.543681
-0.599274
-0.983901
-0.902325
-0.629389
-0.674964
-0.934633
-0.863684
-0.867688
0.603000
-0.976046
-0.895314
-0.863601
-0.999623
-0.864082
-0.840013
0.360699
-0.883876
-0.620477
-0.742348
0.354086
-0.936498
-0.917522
-0.000763
-0.151878
0.535529
0.675570
0.644638
0.011120
0.246578
0.037358
-0.981869
-0.996081
-0.663164
-0.187481
-0.237217
-0.900770
-0.971122
-0.968288
-0.970923
-0.999416
-0.999008
-0.995897
-0.650568
-0.989169
-0.674718
-0.637858
-0.909227
-0.637995
0.082837
-0.201322
-0.182398
-0.732761
-0.743547
-0.610185
0.266669
-0.452859
-0.664332
0.746438
-0.982030
-0.946133
-0.936326
-0.057902
-0.371626
-0.630282
-0.619291
-0.861737
-0.876293
-0.999855
-0.935365
-0.933881
-0.888375
-0.972539
-0.971982
-0.985868
-0.882129
0.435285
-0.808538
-0.949302
-0.995279
-0.994620
-0.994988
-0.985192
-0.988585
-0.943459
-0.941155
-0.896818
0.451792
-0.976298
0.451110
-0.996655
-0.978211
-0.936912
-0.966484
-0.960315
-0.265318
-0.673980
-0.961615
-0.970700
0.281021
-0.984524
0.349555
0.152093
-0.617136
-0.715307
-0.642764
-0.884285
-0.871370
-0.876291
-0.851609
-0.432792
0.133582
-0.297297
-0.860624
-0.931067
-0.856638
-0.951826
-0.875443
-0.899613
-0.879615
-0.992645
-0.945559
-0.874726
-0.734093
0.735180
0.576391
0.547076
-0.993636
-0.974685
0.097381
-0.859484
-0.958731
-0.947238
-0.903284
0.213151
-0.800893
-0.825344
-0.774206
-0.686148
0.278163
0.107982
-0.991439
-0.998445
-0.852821
-0.453717
-0.547960
-0.729379
0.579270
-0.442919
-0.595361
-0.824721
-0.819332
0.400745
-0.999385
-0.050400
0.662150
-0.989327
-0.999131
-0.999894
-0.970775
-0.984466
-0.999472
-1.000000
-0.995057
-0.998329
-0.917312
-0.918795
-0.981127
-0.962475
-0.934101
-0.845711
-0.731340
0.080207
-0.978701
-0.990779
0.245693
-0.941247
0.852831
0.347347
0.364917
0.838601
-0.426736
0.213594
0.708637
0.058623
0.056099
0.343373
0.210157
0.220367
-0.158975
0.769058
0.797086
-0.924914
-0.929220
-0.111174
0.292205
0.167732
0.108010
0.036799
-0.632087
0.295536
-0.941801
-0.059998
0.006292
0.352515
-0.562447
0.003128
-0.109836
0.047845
-0.164629
0.165136
0.096510
-0.381368
-0.098555
-0.358907
0.508235
-0.981116
-0.956040
0.389349
0.838349
-0.582210
-0.881771
-0.852428
-0.873767
-0.609127
0.281246
0.190526
0.156334
0.691187
-0.385457
-0.943457
-0.549037
-0.690661
-0.663174
-0.766160
0.723095
-0.943720
-0.337009
-0.415477
0.143737
0.544392
-0.827865
-0.681181
-0.831923
-0.327639
0.867933
-0.961146
-0.865418
-0.988509
0.666782
-0.826607
-0.853133
0.355737
0.681025
0.687325
0.211282
0.564433
-0.600468
0.160348
-0.650053
0.191226
0.543426
0.491376
-0.559097
0.085435
0.582722
0.801667
-0.930009
-0.944562
-0.864245
0.921667
-0.663745
0.854755
-0.834939
0.865870
-0.735901
0.987352
-0.739118
-0.951465
0.679285
0.321223
-0.813080
-0.743106
-0.891336
-0.829967
-0.955014
0.893061
-0.999254
-0.670119
-0.969130
0.869094
-0.981806
-0.983628
-0.809969
-0.637825
0.623815
0.508638
0.451386
0.367600
0.338145
0.205846
0.313176
0.448840
0.523361
-0.134136
0.499143
0.374250
-0.083099
-0.995053
0.704839
-0.770186
0.103447
-0.654316
-0.566895
-0.102857
0.819924
-0.948987
-0.967017
-0.724277
0.680364
0.610243
-0.977443
-0.706810
0.654133
-0.943924
-0.924269
-0.902282
0.711481
0.485691
-0.899517
-0.856920
0.539632
0.161377
0.083690
-0.994109
-0.999639
0.051816
0.080910
0.242356
0.140312
-0.426036
0.294290
0.034596
0.125570
0.217124
0.145894
0.034145
-0.869354
-0.949661
-0.898613
0.261898
-0.758034
-0.944424
-0.925210
-0.770942
-0.787472
-0.691315
-0.995387
-0.972031
0.603413
-0.974496
-0.901855
0.412736
-0.044066
-0.980436
-0.594143
-0.468888
-0.925383
0.386037
-0.805275
-0.401463
0.119642
-0.984793
-0.679703
-0.695781
-0.799322
-0.775194
-0.981484
-0.979349
-0.970511
-0.957720
-0.912406
0.128779
-0.975703
-0.963526
-0.355935
-0.274612
-0.795103
-0.894862
-0.991121
-0.334911
-0.724208
-0.933218
0.497285
0.071651
-0.770793
-0.424665
-0.437114
-0.786019
-0.353849
-0.309820
-0.365494
-0.989572
-0.977790
0.131472
-0.958677
-0.877491
-0.982418
-0.999021
-0.997969
-0.982978
-0.981512
-0.859263
-0.833548
-0.090317
-0.993764
-0.986990
-0.990413
-0.986360
-0.991580
-0.987768
-0.958506
-0.945451
-0.976979
-0.983010
-0.991679
-0.972993
-0.968699
-0.967710
-0.984903
-0.991007
-0.964359
-0.968121
-0.949211
-0.969013
-0.974392
-0.990496
-0.990249
-0.933386
-0.965927
-0.940065
-0.962947
-0.976440
-0.948771
-0.974924
-0.970260
-0.971148
-0.982517
-0.245225
-0.994790
-0.990979
-0.995128
-0.994395
-0.986025
-0.979386
-0.946237
-0.783449
-0.990200
-0.990679
-0.970279
-0.937613
0.328806
-0.954705
-0.367223
-0.471173
-0.691065
-0.669635
-0.279144
-0.936649
-0.971480
-0.997882
-0.315618
-0.171674
0.001317
-0.973444
-0.827622
-0.689636
-0.721159
-0.670523
-0.656478
-0.802216
-0.999941
-0.999696
-0.969458
-0.984713
-0.991843
-0.879229
-0.805622
-0.846043
-0.352946
-0.374605
-0.056508
0.059328
-0.637696
-0.529622
-0.557717
-0.651203
0.029564
-0.028045
-0.283802
0.722730
-0.940552
-0.881401
-0.890172
-0.437066
-0.743646
-0.843444
0.636918
0.798103
-0.994094
-0.968572
-0.992582
-0.982249
-0.975926
0.109637
0.042165
-0.369627
-0.679706
-0.697532
-0.892138
-0.212158
-0.251021
-0.207393
-0.227912
-0.365295
-0.364550
-0.961432
0.276885
0.255887
-0.262367
-0.306650
0.375867
-0.985473
0.587036
0.033516
0.637718
0.775200
-0.988991
-0.963229
-0.703387
-0.723809
-0.439022
-0.973005
-0.318578
-0.365464
-0.210456
0.704601
0.527139
-0.901663
-0.672235
0.505988
-0.343995
-0.185452
-0.248478
-0.804894
-0.559142
-0.777075
-0.919074
-0.955056
-0.930863
-0.875767
-0.826123
-0.772422
-0.611806
-0.412196
-0.387677
0.355415
0.000344
-0.340101
-0.999205
-0.973240
-0.952930
-0.939302
-0.420689
-0.772680
-0.905158
0.157561
-0.723074
-0.060350
-0.086671
-0.852318
-0.234620
-0.213930
0.091779
-0.089697
0.217478
0.607652
-0.664124
0.302258
-0.120859
-0.608041
-0.050563
-0.939274
0.938399
-0.693776
-0.878887
-0.639479
0.701250
-0.854748
-0.746339
0.442592
0.229868
-0.407369
-0.360809
-0.496371
0.544392
0.423628
-0.951917
-0.975873
0.533325
-0.863724
-0.663211
0.500834
-0.882520
-0.407293
-0.885831
0.396897
0.399681
0.782370
-0.962736
0.861170
0.248865
-0.975864
0.635875
0.859835
0.424118
-0.955490
0.419116
-0.559097
-0.974243
-0.842305
0.639008
-0.582530
0.701242
0.182667
-0.862350
-0.981308
-0.870877
-0.815097
-0.889197
-0.973240
0.791791
-0.982474
0.852255
0.664948
0.368860
-0.656050
-0.743916
-0.646481
0.830598
0.846054
-0.997897
0.441525
0.733486
-0.702661
0.409683
-0.963452
0.924956
-0.813590
-0.361983
0.949055
-0.802169
0.451386
-0.011460
-0.725476
0.205846
0.177364
0.169574
-0.645559
0.282971
-0.954659
0.312686
0.758524
-0.802550
-0.013875
-0.770186
0.553126
-0.216599
-0.997614
-0.689129
-0.750182
0.209768
0.416464
0.267523
0.914202
-0.994369
0.510599
0.560907
0.184812
-0.719919
-0.712036
-0.687741
-0.473131
0.083368
0.778823
-0.695665
0.273827
0.552853
0.066882
0.629296
-0.650466
0.051816
-0.577093
-0.214621
-0.307296
-0.500199
-0.920818
-0.925053
-0.593393
-0.940479
-0.952390
-0.805973
-0.887820
-0.963634
0.360208
0.181517
-0.727126
-0.077278
-0.941104
-0.982442
-0.991990
-0.889907
0.460909
0.636418
-0.999114
-0.667671
-0.269445
0.267451
0.411790
0.172289
0.483656
0.555628
0.726094
-0.557208
-0.998895
-0.967457
-0.848210
0.860462
0.354935
0.348344
-0.971727
-0.970828
-0.951532
-0.893934
-0.918867
-0.798012
-0.603314
-0.637608
-0.796784
0.166481
-0.195769
-0.689522
-0.795103
-0.700345
0.223542
0.229081
-0.988264
-0.973721
-0.885321
-0.984355
-0.993786
-0.993619
-0.355690
-0.300901
-0.750920
-0.804269
-0.856315
-0.938723
0.385502
0.358126
0.180652
0.479635
0.058879
0.094089
-0.672531
-0.918059
-0.800458
-0.920960
-0.865764
0.130747
0.217400
0.186611
-0.841301
-0.966902
-0.921765
-0.939636
-0.896314
-0.427937
-0.986632
-0.988725
-0.966916
-0.999977
-0.895163
-0.810816
-0.911721
-0.898917
-0.963344
-0.919157
-0.946345
-0.921802
-0.850834
-0.765358
-0.844990
-0.988900
-0.992804
-0.980529
0.295511
-0.886836
-0.805156
-0.695756
-0.869739
-0.954931
-0.915958
-0.905838
-0.862319
-0.747468
-0.983135
-0.783479
-0.730832
-0.803671
-0.868559
-0.959382
-0.959898
-0.792484
-0.999720
-0.999971
-0.851073
-0.948273
-0.947985
-0.696952
-0.729657
-0.773397
-0.994932
-0.524981
-0.801233
-0.831967
-0.685201
0.666657
-0.948614
-0.683332
-0.534687
-0.954889
-0.920265
-0.915630
-0.914220
-0.854020
-0.524815
-0.488252
-0.729630
-0.923352
-0.913221
-0.886526
-0.870682
0.070681
0.257415
0.228453
0.182414
-0.343237
-0.200086
-0.310422
-0.859286
-0.805747
-0.939740
-0.767476
-0.824195
0.726136
0.735198
-0.866961
-0.876623
-0.933605
-0.850910
-0.773193
-0.846529
-0.850561
0.219171
-0.775489
-0.995121
0.705936
-0.725830
-0.915382
0.446029
-0.941592
-0.525218
0.633502
0.773069
-0.916552
-0.964065
-0.931742
-0.932187
0.096833
0.291567
-0.772262
-0.732754
-0.872899
-0.747169
-0.967295
-0.929093
-0.812197
0.082126
-0.795748
-0.881716
-0.923690
-0.910954
-0.817049
-0.849544
-0.883955
-0.899310
-0.895681
-0.932661
-0.951479
-0.785712
-0.864770
-0.795825
-0.823770
-0.860387
-0.857864
-0.756781
-0.790643
-0.346135
0.269879
0.668174
0.008169
-0.011706
-0.194856
0.503734
0.518113
0.207019
0.414893
0.400786
0.085080
-0.979065
-0.984398
-0.912909
-0.446849
-0.179570
-0.326361
-0.344074
-0.423810
-0.508436
-0.940140
-0.956475
-0.727933
-0.689665
0.392245
-0.263685
-0.134022
-0.983607
-0.928549
0.730384
0.056804
-0.046018
-0.023982
-0.912808
-0.912419
-0.313039
-0.133026
-0.950195
-0.522033
-0.769833
-0.954596
-0.947106
-0.233845
0.722067
-0.826539
-0.771424
0.297273
-0.881326
0.538306
-0.813487
0.663302
0.544392
-0.427998
-0.681181
-0.831923
-0.998945
-0.636612
-0.830462
-0.400274
0.650471
-0.027921
-0.826607
-0.795707
0.357175
0.782370
-0.183925
-0.238572
0.564433
0.455172
0.149430
0.856022
0.533231
-0.831723
-0.959147
-0.918730
0.085435
0.844104
0.859856
-0.119101
-0.702772
0.684310
0.700099
-0.984627
-0.807015
-0.701404
-0.596422
-0.850778
-0.671417
-0.483029
0.027028
0.295668
0.128706
0.966444
0.006292
-0.823722
0.740723
0.699627
0.840686
-0.658967
0.658360
0.845412
0.638647
-0.983191
0.817749
-0.933396
-0.361983
0.711223
-0.986824
0.451386
0.301746
-0.350989
0.398695
-0.999584
0.541405
0.233581
-0.134136
0.694913
-0.995570
0.290368
-0.842213
-0.982924
0.666241
0.849190
0.557469
0.041908
0.997808
0.193375
0.543844
-0.633849
0.036906
0.649379
-0.803338
-0.937336
0.145942
0.284365
-0.823361
0.404646
0.349949
-0.897694
0.283654
0.304842
0.068691
-0.052059
-0.746834
0.193866
0.224117
0.058267
0.162370
0.243279
-0.319450
-0.274024
0.194597
0.470765
0.659209
-0.486670
-0.504591
0.593867
-0.074413
0.349135
0.659291
0.080453
-0.959124
-0.915741
-0.967576
-0.701283
-0.816568
-0.905827
-0.925022
0.164080
0.317287
0.409468
-0.913301
-0.847334
-0.896869
-0.957784
-0.281792
-0.566444
-0.852824
-0.889109
0.208178
-0.213960
-0.494002
-0.982753
-0.303970
0.121143
0.325069
-0.943877
-0.948857
-0.924443
-0.539115
0.507848
-0.910912
-0.984295
-0.983886
-0.838407
-0.864262
-0.938230
-0.922957
-0.896369
-0.252849
-0.270586
-0.951100
-0.862598
0.204797
0.141964
-0.989263
-0.936127
-0.974098
-0.952842
-0.137362
-0.788083
-0.260865
-0.999491
-0.977895
-0.611522
0.339741
-0.835249
0.674189
0.553775
0.403204
0.467229
-0.389434
-0.228513
-0.002672
0.559220
0.548276
-0.899010
-0.949836
-0.818792
-0.479561
-0.289114
-0.971250
-0.999543
0.222480
-0.911079
-0.943386
-0.375172
0.317274
-0.920219
-0.936985
-0.950156
-0.890537
-0.985375
-0.991617
-0.998634
-0.993865
0.369679
0.641907
-0.910642
-0.970469
0.043923
-0.937678
-0.928069
-0.063666
-0.983750
-0.946232
-0.985552
-0.989004
-0.952649
-0.961296
-0.996171
-0.984602
-0.999994
-0.707147
-0.662335
-0.747750
-0.290797
-0.290434
-0.990096
0.713670
-0.932883
-0.864270
-0.876627
-0.759340
-0.777984
-0.445610
-0.979969
-0.969163
-0.995399
-0.992858
-0.947619
-0.950179
-0.966418
-0.978920
-0.988361
-0.971117
-0.987025
-0.010953
0.336520
0.591787
0.132554
0.186498
0.051016
-0.404073
-0.959303
-0.814278
0.705414
-0.990227
-0.971321
-0.984790
-0.979193
-0.912144
-0.901157
-0.842719
-0.776600
-0.834879
-0.788574
-0.703333
-0.074505
0.521186
-0.989473
0.678891
-0.837631
-0.562303
-0.702625
0.555225
-0.362236
-0.893634
0.109910
-0.892068
-0.926684
-0.952768
-0.951973
-0.898310
-0.975011
-0.889186
-0.909315
-0.956154
-0.982570
-0.982977
-0.956833
-0.939700
-0.912717
-0.975634
-0.977714
-0.970490
-0.956387
-0.888905
-0.951510
-0.996795
-0.985166
-0.988163
-0.931949
0.459700
-0.995178
-0.999716
-0.033235
-0.786161
-0.958140
-0.993871
-0.998665
-0.996880
0.194220
0.203571
0.360355
-0.956996
-0.922199
-0.923720
-0.953149
-0.050912
-0.178433
-0.786313
-0.621614
-0.733402
-0.607234
-0.891163
0.626688
-0.831977
0.736626
-0.976861
-0.940743
-0.818021
-0.982214
-0.971281
-0.305434
-0.017208
-0.241355
-0.966655
-0.985081
-0.957865
-0.954781
-0.937456
-0.941382
-0.901483
-0.894581
-0.746690
-0.946991
-0.713918
0.635363
-0.991571
-0.686712
-0.970582
-0.647647
-0.987769
-0.969117
-0.279772
-0.350393
-0.652121
-0.516385
0.787849
-0.912924
-0.963135
-0.831078
-0.528049
-0.633943
-0.519220
-0.022856
-0.094958
-0.658319
-0.844485
-0.698766
-0.906654
-0.950621
-0.948752
0.135430
0.527530
0.622278
-0.978641
0.334675
-0.618298
0.194453
0.207577
0.531891
0.734202
-0.941749
0.776655
-0.948685
-0.968568
-0.999894
0.819856
0.765531
0.037039
-0.117316
-0.658295
-0.086690
-0.925159
0.589166
0.320498
0.226278
-0.804242
0.657552
0.618719
-0.412955
-0.135347
0.265667
-0.072461
0.618054
-0.663745
-0.991300
-0.815097
0.946392
-0.786916
0.280823
-0.739118
-0.576063
-0.991403
0.743591
-0.783188
-0.891250
-0.387975
-0.996678
-0.709136
0.646577
-0.172693
0.505768
0.752084
-0.997485
-0.735922
-0.815490
-0.998971
0.309925
0.379115
-0.802169
0.451386
-0.699125
-0.986208
-0.728509
-0.792067
0.117918
0.233581
-0.134136
0.605296
-0.055088
0.758524
-0.963553
-0.951256
-0.904916
-0.996247
0.537044
0.275269
0.376646
0.162479
0.234035
0.014065
0.855433
-0.682118
-0.981298
0.297434
-0.752089
0.489721
-0.975751
0.829687
-0.408420
-0.676868
-0.252273
-0.540516
0.125615
0.026457
0.905636
-0.526207
0.245586
-0.841067
0.663066
-0.162372
-0.972069
-0.933495
-0.978002
0.789969
-0.300314
0.537339
-0.634576
0.082306
-0.082323
-0.996724
0.662731
0.252057
0.254259
0.154991
-0.665298
-0.790744
-0.937292
-0.982052
-0.838967
0.737715
0.396730
-0.596330
0.624054
-0.966198
-0.961868
-0.978171
-0.255851
-0.566444
-0.440532
-0.985758
-0.959834
-0.879172
-0.876536
-0.976459
-0.917957
-0.975999
-0.930527
-0.964344
-0.981478
-0.964745
-0.874581
-0.997071
-0.627364
0.259871
-0.968119
-0.946004
-0.935918
-0.913217
-0.133061
0.092525
-0.903260
-0.924712
0.145493
-0.252811
0.284766
0.299164
-0.241017
0.319092
-0.910273
-0.926412
-0.880180
0.141828
-0.976339
-0.969666
-0.936223
-0.717776
-0.771806
-0.351155
-0.999849
-0.803386
0.418848
-0.998973
-0.999422
-0.991045
-0.935213
-0.894986
-0.139207
-0.744297
-0.944454
-0.956862
-0.766031
-0.753627
-0.995154
-0.974486
-0.968672
0.816266
-0.908113
-0.969821
-0.288215
0.316890
0.116926
0.064735
-0.974624
-0.123022
-0.253843
-0.252212
-0.913572
-0.899978
-0.664824
-0.997554
-0.998655
-0.994466
0.406452
-0.917846
0.662506
0.252998
-0.960626
-0.815674
-0.595575
-0.002359
-0.858192
-0.750497
-0.999882
-0.991542
-0.989139
0.253533
0.258632
0.744304
0.754508
0.138341
0.028825
-0.996546
-0.989472
-0.960952
-0.660645
-0.365532
-0.417354
0.268011
0.196215
-0.942762
-0.969385
-0.943535
0.256820
-0.342776
-0.814603
-0.757819
-0.699248
-0.765068
-0.733140
-0.849926
-0.969445
-0.974824
-0.917433
-0.898288
-0.901850
-0.763317
-0.867271
-0.875550
-0.923256
-0.903884
-0.901453
-0.737330
-0.900995
-0.947684
-0.939501
-0.897613
-0.953097
-0.956711
-0.986625
-0.881782
-0.783482
-0.972963
-0.954359
-0.243127
-0.987456
-0.974651
-0.988843
-0.977888
-0.916906
-0.951210
-0.973962
-0.980324
-0.277365
-0.727588
0.341269
-0.919494
-0.955657
-0.943254
-0.912266
-0.935558
-0.979498
-0.977920
-0.998322
-0.924747
-0.978959
-0.963788
-0.961330
-0.949474
-0.966387
-0.928071
-0.977449
-0.942392
-0.879939
-0.932143
-0.945543
-0.919614
-0.950903
-0.049029
-0.999094
-0.921576
-0.897897
-0.925509
-0.861153
-0.801251
-0.048211
-0.974244
0.357766
-0.997720
0.785700
-0.985319
-0.999887
-0.997616
-0.990430
-0.915790
0.313623
-0.779237
-0.741967
-0.404062
-0.914833
-0.917206
0.376347
0.334965
-0.993995
-0.960454
-0.776951
-0.775176
-0.890896
0.447156
0.216889
0.080869
0.095304
0.241819
0.299769
0.584616
0.326066
-0.010919
0.490358
0.625836
0.645129
0.743287
0.283121
0.124234
0.529585
-0.948335
-0.960438
-0.815824
0.101732
-0.350584
-0.991489
-0.710900
-0.279065
-0.721500
-0.521197
0.740124
-0.368659
-0.311437
0.614066
0.935350
-0.044701
0.765013
-0.854748
-0.746339
0.238789
0.304960
0.145437
0.337930
-0.422967
-0.422911
-0.954977
-0.631248
-0.803671
-0.102030
-0.980372
-0.688936
-0.629021
0.694208
0.627673
0.854514
-0.973937
-0.983798
0.159592
0.724080
-0.981987
0.853996
-0.643397
-0.954496
-0.962894
-0.917578
-0.859854
0.088704
-0.559097
0.085435
0.885295
0.456414
0.503148
0.866219
-0.520208
-0.985745
0.859591
-0.693277
-0.926235
0.772668
-0.740147
0.422708
-0.972636
0.736185
0.960581
-0.951363
-0.685610
-0.891250
-0.906907
-0.978462
0.857268
0.688032
-0.999292
0.699246
0.913759
-0.999390
-0.999788
-0.998789
-0.996869
0.863388
0.556042
-0.997588
0.451386
-0.011460
-0.350989
0.609012
0.887548
0.541405
0.233581
-0.910483
0.857965
0.155756
0.104881
0.930446
0.762122
-0.246222
-0.725473
-0.216599
0.943035
-0.096767
0.554106
-0.355723
0.587369
0.971285
0.854967
-0.999987
0.317984
0.683088
0.944365
-0.623234
-0.637409
0.262394
0.508231
0.334330
0.842128
0.375820
0.266842
0.099226
-0.004714
0.700982
0.648130
0.275209
-0.667427
-0.444082
-0.446692
-0.661219
-0.728687
0.135086
0.068658
0.060355
0.074856
-0.008731
-0.731505
-0.442327
-0.882239
-0.161617
-0.198570
-0.699486
-0.979407
0.866983
0.874654
0.166888
0.401864
0.361102
-0.970246
-0.966649
0.011076
0.419365
-0.356700
-0.338102
-0.546899
-0.995910
0.691819
-0.844405
-0.556959
-0.402784
-0.453759
0.227930
0.140014
-0.092528
0.566740
0.550659
-0.992122
-0.928374
-0.986592
-0.988371
-0.978212
0.166731
-0.999297
-0.982837
-0.966695
-0.313850
-0.975429
-0.971235
-0.974917
-0.984393
-0.997973
0.230274
-0.372614
0.198699
-0.943852
-0.593628
-0.677446
-0.556884
-0.872720
-0.314123
-0.890191
-0.970286
-0.338805
0.498873
-0.359675
-0.972903
-0.995075
-0.998938
-0.999980
-0.999359
-0.994109
-0.855683
-0.748518
-0.139207
-0.744297
-0.999983
-0.999544
-0.989638
-0.989163
-0.994026
-0.991114
-0.994057
-0.984014
-0.995812
-0.999825
-0.999869
-0.999166
-0.993594
-0.844459
-0.993893
-0.999983
-0.996808
-0.937817
-0.992360
-0.996766
-0.999593
-0.998545
-0.998095
-0.999771
-0.946572
-0.930393
-0.990837
-0.868855
-0.987081
-0.997489
-0.987957
-0.985807
-0.988892
-0.988561
-0.997519
-0.999203
-0.997752
-0.999070
-0.997110
-0.997629
-0.952995
-0.999511
-0.944521
-0.949651
-0.973053
-0.715045
-0.905241
-0.998561
-0.986569
-0.750560
-0.987128
-0.800133
-0.970214
-0.963985
-0.995336
-0.996529
-0.987064
-1.000000
-0.999473
-0.808455
-0.980917
-0.995080
-0.948474
-0.977072
-0.732633
-0.789370
-0.958279
-0.964518
-0.940193
-0.973125
-0.943183
-0.954638
-0.938289
-0.955363
-0.963862
-0.693306
-0.790305
-0.816400
-0.965601
-0.998185
-0.990497
-0.984724
-0.995484
-0.998974
-0.998538
-0.992789
-0.989400
-0.945787
-0.999875
-0.999790
-0.977792
-0.954188
-0.993115
-0.995241
-0.974396
-0.975178
-0.995221
-0.977437
-0.971013
-0.968929
-0.990450
-0.986211
-0.982509
-0.960306
-0.967725
-0.967631
-0.925428
-0.965947
-0.982750
-0.979892
-0.994389
-0.993993
-0.990719
-0.997136
-0.994101
-0.994215
-0.996522
-0.993274
-0.999957
-0.991528
-0.980968
-0.999819
-0.988135
-0.978295
-0.991161
-0.730586
-0.603743
-0.852679
0.919734
-0.721485
-0.734903
-0.760676
-0.999980
-0.997533
-0.394999
-0.997536
-0.985281
-0.494623
-0.650578
-0.999993
-0.998037
-0.997398
-0.776821
-0.733691
-0.965472
-0.711390
-0.605980
-0.978204
-0.928228
-0.983972
-0.958249
-0.998564
-0.992722
-0.987041
-0.978670
-0.996942
-0.443622
-0.996299
-0.979623
-0.675519
-0.978174
-0.997360
-0.984717
-0.263685
-0.134022
-0.708610
-0.781295
-0.398453
0.101732
-0.350584
-0.710082
-0.710900
-0.279065
-0.572347
-0.442604
-0.995700
-0.991310
-0.972169
-0.519220
-0.988909
-0.233845
0.701250
-0.854748
-0.746339
0.297273
-0.404517
-0.985623
-0.974887
0.143737
0.544392
-0.827865
-0.681181
-0.831923
-0.327639
-0.636612
-0.663211
-0.400274
-0.996739
0.975613
-0.826607
-0.795707
-0.035724
0.782370
0.237476
-0.414348
0.564433
-0.577317
0.149430
-0.773226
-0.999201
0.993558
0.088704
-0.559097
0.085435
0.582722
0.947436
-0.119101
0.522466
-0.057611
-0.999999
-0.663745
-0.870877
-0.815097
0.772668
-0.796558
0.422708
-0.739118
-0.050731
0.733058
-0.999677
-0.630076
-0.891250
-0.829362
-0.996678
-0.997046
0.976099
-0.671572
0.658360
-0.996423
-0.999944
-0.963452
-0.901060
-0.998605
-0.361983
0.711223
-0.802169
0.451386
-0.011460
-0.350989
0.205846
-0.012786
0.977578
0.233581
-0.134136
0.881197
-0.055088
0.986926
-0.179003
-0.013875
-0.998125
-0.995711
-0.996868
-0.999482
-0.994441
0.021469
0.995403
-0.164148
0.443534
0.914202
-0.990131
-0.984676
-0.079447
-0.997424
-0.719919
-0.444677
-0.997843
-0.999605
-0.991294
-0.999148
-0.197607
0.026457
0.384301
-0.172668
0.245586
-0.999091
0.051816
-0.162372
-0.977625
-0.307296
-0.938861
-0.977090
-0.967008
-0.999739
-0.991436
-0.981438
-0.998090
-0.887820
-0.492181
-0.995270
-0.996453
-0.669974
-0.996903
-0.997007
-0.997075
-0.992289
-0.994219
0.278666
0.170667
-0.357449
-0.996960
-0.989895
-0.967609
-0.364163
-0.281792
-0.566444
-0.995469
-0.889109
-0.557208
-0.998937
-0.674964
-0.789400
-0.622582
-0.400317
-0.092528
-0.980214
-0.998795
-0.999828
-0.997825
-0.992917
-0.987302
-0.633611
-0.657164
-0.899516
-0.999995
-0.615682
-0.993186
-0.795103
-0.700345
-0.644855
-0.471336
0.967288
-0.953292
-0.951499
-0.371752
-0.978448
-0.976408
-0.793043
-0.584413
-0.960771
-0.960791
-0.890191
-0.987319
-0.858481
-0.385206
-0.999275
-0.999999
-0.996367
-0.989298
-0.920196
-0.999236
-0.998178
-0.992481
-0.989227
-0.991612
-0.997277
-0.986976
-0.986558
-0.999528
-0.999963
-0.999871
-0.965730
-0.991044
-0.999342
-0.989347
-0.999730
-0.993394
-0.992599
-0.981134
-0.992308
-0.981232
-0.952017
-0.952024
-0.975286
-0.991258
-0.968584
-0.965471
-0.997344
-0.985889
-0.993339
-0.976620
-0.993252
-0.880405
-0.988743
-0.951413
-0.959319
-0.998516
-0.999075
-0.893905
-0.949009
-0.972100
-0.994159
-0.995424
-0.996638
-0.994770
-0.975071
-0.993379
-0.926010
-0.992983
-0.979509
-0.966800
-0.715045
-0.983330
