0.146178
0.288182
0.262686
0.185851
0.149003
0.248173
0.142109
0.254554
0.175690
0.148131
0.089713
0.170829
0.164970
0.239146
0.109019
0.137528
0.131448
0.151214
0.144359
0.123780
0.250608
0.192278
0.199654
0.168651
0.334822
0.229532
0.311471
0.212349
0.292247
0.293638
0.303736
0.239632
0.241555
0.183049
0.138083
0.200483
0.211981
0.413488
0.337698
0.160887
0.108906
0.096501
0.089556
0.143806
0.231677
0.275121
0.159899
0.164357
0.140266
0.269174
0.139272
0.161716
0.133798
0.115100
0.153095
0.124167
0.284829
0.385216
0.154306
0.160351
0.178574
0.206744
0.146633
0.150076
0.086265
0.063920
0.056826
0.106745
0.134005
0.123058
0.107369
0.105052
0.372052
0.277380
0.166878
0.060337
0.236302
0.103443
0.119256
0.189594
0.125183
0.152076
0.085711
0.097613
0.238700
0.095445
0.210144
0.121467
0.087514
0.074057
0.074296
0.071479
0.086236
0.344375
0.032588
0.052744
0.090503
0.095536
0.086699
0.145327
0.249521
0.216512
0.152221
0.144173
0.073956
0.068887
0.101426
0.077377
0.084064
0.038509
0.048321
0.093099
0.059763
0.097265
0.055360
0.054959
0.059441
0.044989
0.049068
0.074196
0.071478
0.064608
0.060749
0.062488
0.055499
0.049714
0.036821
0.024151
0.030676
0.034623
0.019537
0.036675
0.121485
0.093785
0.033895
0.031990
0.084136
0.031065
0.024163
0.013932
0.014880
0.021332
0.013170
0.060342
0.031798
0.047725
0.011434
0.013347
0.014848
0.017778
0.008651
0.056968
0.028691
0.034030
0.021639
0.022242
0.040216
0.023876
0.021496
0.013504
0.014526
0.008455
0.017642
0.017431
0.044813
0.069822
0.027663
0.043527
0.010835
0.007891
0.039770
0.043721
0.024968
0.020160
0.022856
0.030713
0.016926
0.004449
0.043658
0.035195
0.016674
0.029304
0.083700
0.080709
0.058415
0.067152
0.025082
0.008265
0.046554
0.038673
0.020772
0.009122
0.023893
0.016346
0.008712
0.002920
0.025288
0.017958
0.014561
0.031864
0.032455
0.028566
0.020225
0.023682
0.016562
0.019217
0.017874
0.004184
0.021723
0.012201
0.255081
0.011738
0.019442
0.023990
0.015427
0.058045
0.042472
0.021829
0.045363
0.053472
0.130800
0.131506
0.043842
0.038261
0.044831
0.060897
0.033129
0.044769
0.165317
0.098535
0.044230
0.075125
0.039689
0.019093
0.035939
0.032789
0.034706
0.059318
0.033193
0.026177
0.064909
0.040775
0.041601
0.051429
0.050272
0.034883
0.031650
0.094788
0.027538
0.021036
0.039247
0.029527
0.146002
0.031171
0.027918
0.068062
0.038580
0.032154
0.069713
0.113368
0.075856
0.032807
0.071520
0.076094
0.059810
0.050821
0.076295
0.085567
0.082462
0.077374
0.086314
0.102026
0.119186
0.083978
0.118492
0.108139
0.054795
0.065154
0.048959
0.122984
0.071605
0.066787
0.089637
0.100630
0.129701
0.118832
0.049922
0.091569
0.092838
0.061968
0.056955
0.096694
0.166833
0.286658
0.191175
0.231839
0.225955
0.095339
0.084566
0.102732
0.066469
0.098002
0.146483
0.075753
0.129219
0.094426
0.130567
0.065119
0.075268
0.051606
0.050143
0.052165
0.159876
0.148839
0.081660
0.058985
0.073083
0.076925
0.064189
0.090251
0.100659
0.100074
0.088981
0.167382
0.149875
0.256454
0.267543
0.195622
0.263075
0.134137
0.064151
0.120328
0.101407
0.121263
0.110741
0.104320
0.286017
0.170917
0.381849
0.306675
0.159340
0.474660
0.505021
0.460746
0.196560
0.120911
0.184385
0.184082
0.197303
0.167347
0.316867
0.188919
0.261445
0.193008
0.279951
0.286232
0.155804
0.142329
0.070901
0.064357
0.178901
0.228228
0.093112
0.245341
0.256631
0.181947
0.243411
0.152821
0.336462
0.299088
0.295131
0.262753
0.196175
0.193734
0.134164
0.121135
0.192520
0.199817
0.264900
0.238874
0.251894
0.079157
0.390241
0.257931
0.199750
0.081563
0.081806
0.103931
0.321504
0.261005
0.335244
0.225675
0.224127
0.305656
0.175287
0.088134
0.054931
0.059846
0.057274
0.173411
0.125038
0.088998
0.289121
0.156800
0.262522
0.352585
0.110755
0.079256
0.131421
0.180852
0.145792
0.094596
0.171021
0.374021
0.507411
0.267133
0.109089
0.243215
0.458625
0.176797
0.177859
0.394981
0.345902
0.132803
0.100088
0.096761
0.178604
0.146841
0.178562
0.195656
0.198420
0.228582
0.117900
0.107357
0.204603
0.124307
0.206887
0.336722
0.516788
0.261659
0.180755
0.093833
0.143536
0.167026
0.083951
0.100887
0.289455
0.089887
0.076218
0.081524
0.071943
0.099945
0.093014
0.081689
0.158073
0.085750
0.181834
0.247120
0.109538
0.096524
0.190541
0.110522
0.106923
0.105628
0.080798
0.126600
0.118663
0.297044
0.155728
0.078206
0.065713
0.057848
0.043773
0.059354
0.093016
0.081425
0.077794
0.080257
0.082559
0.047570
0.100954
0.065166
0.058182
0.050998
0.071494
0.050828
0.048129
0.064775
0.088609
0.055320
0.058913
0.088738
0.050016
0.058252
0.076915
0.116258
0.083837
0.114486
0.081775
0.060349
0.124583
0.169893
0.073897
0.009418
0.051456
0.021982
0.090603
0.051354
0.020067
0.128391
0.067466
0.060472
0.061284
0.053446
0.080980
0.082561
0.070585
0.088466
0.071629
0.033254
0.024065
0.029869
0.014900
0.020099
0.027921
0.013759
0.021268
0.034794
0.035124
0.024975
0.018571
0.075020
0.055392
0.018106
0.028005
0.023255
0.022734
0.015164
0.006234
0.011166
0.038531
0.065079
0.068821
0.039264
0.056754
0.024489
0.026209
0.011270
0.050956
0.030579
0.012495
0.010463
0.023654
0.017331
0.027283
0.031124
0.045581
0.030199
0.011271
0.006353
0.007869
0.014666
0.024411
0.025523
0.017630
0.018242
0.027662
0.011272
0.009751
0.144498
0.020323
0.011442
0.061089
0.003310
0.014047
0.004486
0.014531
0.017328
0.030562
0.014760
0.015641
0.043951
0.097921
0.050029
0.034239
0.026663
0.019827
0.017570
0.029548
0.104730
0.047938
0.046222
0.029564
0.024144
0.006136
0.029710
0.007888
0.021560
0.034219
0.028487
0.021181
0.022613
0.017490
0.048771
0.028965
0.056795
0.031169
0.018496
0.022141
0.033096
0.012472
0.047725
0.043332
0.032684
0.045848
0.067227
0.029952
0.043082
0.087675
0.089890
0.037486
0.043380
0.059181
0.101401
0.081911
0.025488
0.041337
0.036378
0.026839
0.027866
0.049201
0.041618
0.041555
0.043652
0.049927
0.036103
0.057711
0.032878
0.011483
0.550598
0.442384
0.023908
0.077505
0.067439
0.068572
0.071605
0.066080
0.077185
0.211104
0.156327
0.115402
0.087349
0.136822
0.058239
0.053168
0.034520
0.069671
0.039373
0.081232
0.140173
0.098121
0.139253
0.156386
0.245018
0.091974
0.065046
0.062086
0.039083
0.100714
0.089424
0.026996
0.130567
0.029295
0.143694
0.059583
0.039249
0.110589
0.132696
0.087151
0.063919
0.078839
0.094258
0.031181
0.024381
0.190883
0.155953
0.218571
0.101460
0.151617
0.116685
0.086220
0.090152
0.125906
0.089767
0.132634
0.082092
0.079088
0.038640
0.095208
0.496581
0.373672
0.359072
0.183280
0.136333
0.122343
0.180909
0.280433
0.230288
0.127954
0.080880
0.139200
0.297337
0.340568
0.207211
0.070054
0.113913
0.167887
0.163442
0.153855
0.220717
0.196899
0.074439
0.100605
0.119290
0.099582
0.113725
0.115763
0.274754
0.386539
0.278474
0.190200
0.136275
0.140266
0.063316
0.096856
0.187034
0.162591
0.143092
0.111873
0.122589
0.141439
0.254250
0.110016
0.091004
0.224079
0.274985
0.327148
0.133717
0.125395
0.140105
0.127750
0.117489
0.079757
0.075187
0.062120
0.070315
0.137486
0.095258
0.124837
0.156180
0.168437
0.556959
0.714214
0.278639
0.306183
0.242392
0.208517
0.479901
0.327810
0.243413
0.129335
0.145103
0.126531
0.228834
0.311216
0.256746
0.290151
0.101187
0.082730
0.153475
0.180954
0.155674
0.153036
0.147972
0.203798
0.212856
0.061996
0.081237
0.112388
0.165299
0.165175
0.128052
0.166058
0.190874
0.188044
0.199640
0.135781
0.132891
0.181705
0.145294
0.298252
0.260540
0.305430
0.106203
0.162864
0.107535
0.151762
0.157172
0.153649
0.068930
0.055284
0.272984
0.445075
0.206908
0.128651
0.097766
0.157212
0.066000
0.070149
0.092356
0.177976
0.093588
0.100608
0.217369
0.218638
0.186013
0.166998
0.157620
0.128817
0.080083
0.061454
0.043970
0.025242
0.034519
0.077107
0.069906
0.060172
0.044824
0.066130
0.092866
0.100343
0.168480
0.021048
0.043588
0.079837
0.078372
0.099719
0.083075
0.166480
0.090135
0.074694
0.087664
0.090416
0.126882
0.101066
0.065176
0.053812
0.080313
0.097441
0.055776
0.047424
0.045806
0.040207
0.092146
0.031289
0.104799
0.042942
0.060862
0.059296
0.050517
0.052016
0.035151
0.041856
0.055482
0.044007
0.045931
0.022131
0.019401
0.019511
0.016753
0.022313
0.056195
0.055571
0.044780
0.027131
0.018173
0.012631
0.011432
0.018234
0.017170
0.049472
0.035638
0.036256
0.024880
0.037801
0.036852
0.032095
0.017772
0.010784
0.049596
0.067886
0.036058
0.017061
0.014798
0.024245
0.012453
0.017201
0.041787
0.036246
0.038508
0.045554
0.147007
0.063129
0.046833
0.012474
0.010952
0.057117
0.035992
0.177307
0.136426
0.022646
0.031905
0.019757
0.012906
0.030021
0.042620
0.041720
0.008385
0.006045
0.031864
0.038506
0.034234
0.009972
0.021920
0.011468
0.009629
0.060222
0.019618
0.007021
0.014055
0.047861
0.010224
0.005950
0.054653
0.080436
0.166435
0.135686
0.033183
0.054955
0.047340
0.062518
0.022028
0.031181
0.020446
0.012251
0.013067
0.048539
0.036000
0.012197
0.079292
0.049210
0.238087
0.167404
0.268721
0.037640
0.038682
0.085821
0.064286
0.020740
0.036597
0.087383
0.139375
0.100402
0.083161
0.096946
0.078871
0.044666
0.060782
0.046724
0.055032
0.015576
0.100057
0.024392
0.036253
0.034899
0.048236
0.067033
0.183839
0.070486
0.026944
0.100565
0.049962
0.050400
0.063734
0.105153
0.024678
0.034367
0.070447
0.061204
0.096845
0.091936
0.043815
0.017910
0.043981
0.057067
0.033296
0.080288
0.058839
0.073050
0.048791
0.049289
0.062497
0.054138
0.060804
0.034909
0.031107
0.058435
0.053693
0.030849
0.041705
0.067530
0.060071
0.121882
0.081373
0.036648
0.068014
0.040525
0.109156
0.092635
0.163677
0.154493
0.145079
0.129121
0.218533
0.357667
0.290727
0.173391
0.105641
0.126597
0.332635
0.103631
0.123563
0.087594
0.049655
0.088206
0.105613
0.135228
0.068732
0.027106
0.135702
0.022621
0.078030
0.059943
0.070998
0.131403
0.109304
0.121921
0.020153
0.077439
0.085547
0.192184
0.076608
0.105947
0.094514
0.112368
0.179771
0.187030
0.128620
0.220502
0.692834
0.094949
0.098614
0.036863
0.161158
0.133484
0.158247
0.113856
0.105216
0.111926
0.129371
0.200360
0.172774
0.215109
0.094011
0.188104
0.153941
0.098222
0.107558
0.263242
0.283221
0.288870
0.215694
0.144573
0.072347
0.209474
0.111861
0.088339
0.120475
0.120632
0.212890
0.223979
0.262352
0.191115
0.208109
0.226416
0.119535
0.100497
0.148150
0.102911
0.247026
0.163582
0.095198
0.120038
0.141715
0.082124
0.080219
0.103894
0.189058
0.111012
0.190949
0.344401
0.464302
0.524369
0.185463
0.171197
0.238971
0.226698
0.234400
0.167362
0.156202
0.241535
0.441766
0.616543
0.346537
0.189304
0.124813
0.097429
0.085653
0.176415
0.165561
0.119794
0.116402
0.084477
0.134542
0.146631
0.217711
0.227882
0.275294
0.311449
0.206029
0.659098
0.228221
0.241900
0.291117
0.305227
0.178347
0.139432
0.226472
0.164227
0.209754
0.113357
0.122304
0.091653
0.096682
0.228744
0.163380
0.160757
0.103593
0.048709
0.164442
0.086254
0.097465
0.087593
0.097216
0.095389
0.069989
0.179054
0.055859
0.073157
0.121860
0.086387
0.050932
0.077217
0.064264
0.067573
0.086331
0.171389
0.353330
0.416857
0.214915
0.157270
0.266302
0.188144
0.113118
0.127827
0.158699
0.133925
0.150550
0.118688
0.091134
0.073543
0.187948
0.048313
0.178003
0.052572
0.141947
0.068943
0.053953
0.117250
0.172043
0.126703
0.054584
0.060987
0.060827
0.072736
0.115730
0.074473
0.047199
0.046255
0.043628
0.057396
0.028223
0.027230
0.024051
0.028831
0.073869
0.057531
0.073136
0.058363
0.064424
0.035325
0.063396
0.039244
0.081320
0.059289
0.020472
0.036489
0.021299
0.021072
0.015969
0.104914
0.159259
0.137827
0.047295
0.088663
0.041463
0.102577
0.330394
0.084867
0.018442
0.057996
0.024968
0.041417
0.029436
0.065446
0.040418
0.106968
0.044196
0.032880
0.030357
0.036926
0.029924
0.028730
0.036256
0.020779
0.022256
0.055827
0.071213
0.039305
0.042736
0.031552
0.032315
0.033374
0.035922
0.033880
0.051625
0.051277
0.017584
0.007216
0.015233
0.023715
0.053365
0.045179
0.032750
0.038528
0.020437
0.028354
0.011728
0.008989
0.034507
0.040471
0.028705
0.032001
0.030166
0.028704
0.085810
0.041174
0.017543
0.010825
0.026456
0.017012
0.022185
0.022827
0.014552
0.020188
0.025244
0.032926
0.032519
0.005913
0.046524
0.018456
0.019027
0.016712
0.019733
0.013649
0.032604
0.013092
0.037172
0.051454
0.019610
0.171168
0.033410
0.037796
0.029197
0.043667
0.023910
0.032584
0.035616
0.043915
0.065311
0.031821
0.012259
0.011437
0.076839
0.144294
0.129925
0.053149
0.077040
0.042906
0.049636
0.030814
0.048429
0.028244
0.026494
0.040991
0.041266
0.383953
0.581232
0.298646
0.091392
0.035091
0.036024
0.020661
0.089340
0.086871
0.060164
0.041202
0.036230
0.021298
0.036444
0.026316
0.075143
0.078989
0.055896
0.025423
0.024925
0.050253
0.069946
0.068817
0.190925
0.160879
0.328222
0.290798
0.079934
0.094061
0.066259
0.056229
0.470779
0.064496
0.080053
0.126213
0.049702
0.022361
0.122410
0.082443
0.080692
0.104610
0.073936
0.088683
0.072613
0.180064
0.247878
0.229888
0.082521
0.032898
0.117415
0.019923
0.039489
0.078527
0.043653
0.070852
0.029517
0.037163
0.289619
0.355985
0.122135
0.144434
0.082636
0.089228
0.057707
0.164302
0.196638
0.064755
0.034781
0.102068
0.105378
0.036623
0.086476
0.129519
0.124129
0.373373
0.120593
0.100599
0.203655
0.157226
0.127900
0.105091
0.033893
0.052316
0.068014
0.057803
0.052765
0.091342
0.087148
0.068632
0.105439
0.081634
0.100884
0.118987
0.164733
0.143653
0.096898
0.064015
0.349220
0.087397
0.054579
0.190804
0.130626
0.084448
0.122728
0.213360
0.256329
0.239499
0.161871
0.176815
0.528932
0.463521
0.297273
0.214542
0.191731
0.162850
0.164553
0.220633
0.209686
0.102197
0.147430
0.414082
0.510638
0.237640
0.212949
0.146066
0.088273
0.094878
0.157403
0.138907
0.322092
0.186690
0.128258
0.075844
0.154608
0.196174
0.238744
0.262045
0.225606
0.133650
0.120547
0.246424
0.229930
0.042296
0.091572
0.115785
0.073425
0.143349
0.149305
0.195022
0.173368
0.372284
0.912032
0.151156
0.083431
0.323268
0.541622
0.391115
0.299662
0.357228
0.311575
0.160881
0.153583
0.255857
0.383700
0.339422
0.325352
0.166688
0.118952
0.214976
0.132963
0.115926
0.121149
0.069946
0.079529
0.147835
0.126828
0.099023
0.088831
0.062025
0.056541
0.127789
0.173101
0.097849
0.101472
0.082940
0.086395
0.137547
0.101881
0.093347
0.120521
0.219153
0.215313
0.127356
0.077066
0.057479
0.131992
0.088626
0.103126
0.117673
0.151958
0.114770
0.103545
0.062544
0.077071
0.121102
0.206841
0.141687
0.082934
0.135536
0.112281
0.247587
0.175033
0.086724
0.104874
0.090641
0.068319
0.065269
0.067319
0.093429
0.096711
0.138253
0.166118
0.069451
0.051176
0.049052
0.041406
0.057527
0.203286
0.161450
0.059551
0.051220
0.053900
0.022711
0.025572
0.100562
0.070062
0.054952
0.108318
0.044364
0.052488
0.044312
0.050580
0.055024
0.196999
0.132814
0.254427
0.093794
0.071042
0.030571
0.026866
0.088715
0.052433
0.038982
0.128042
0.067381
0.187239
0.155555
0.037281
0.083363
0.196193
0.060159
0.034478
0.092641
0.070281
0.067404
0.057894
0.021214
0.142248
0.033663
0.094716
0.094327
0.044203
0.028680
0.020316
0.030386
0.021740
0.031253
0.068859
0.042459
0.034243
0.059272
0.036824
0.140565
0.032210
0.033353
0.116960
0.056581
0.053688
0.021057
0.027463
0.029279
0.019759
0.069087
0.027288
0.018879
0.060141
0.031837
0.022813
0.046300
0.056068
0.018296
0.012791
0.044447
0.013727
0.020437
0.006371
0.021099
0.008575
0.028473
0.025835
0.007441
0.053001
0.008822
0.038882
0.034743
0.075703
0.028783
0.021920
0.019177
0.041290
0.026877
0.029554
0.009257
0.016817
0.028234
0.026829
0.004133
0.005218
0.022724
0.034109
0.009997
0.035416
0.069748
0.043114
0.026423
0.014662
0.014277
0.073990
0.044831
0.022508
0.020162
0.014198
0.027242
0.010136
0.035304
0.023836
0.028581
0.067546
0.023300
0.032982
0.036629
0.023499
0.030014
0.037725
0.020009
0.059274
0.051962
0.020965
0.050693
0.038315
0.020820
0.088535
0.037992
0.033306
0.042672
0.024830
0.023978
0.026100
0.030982
0.037244
0.034979
0.013424
0.069713
0.013823
0.072859
0.025576
0.050400
0.037930
0.083759
0.035645
0.061750
0.038410
0.061204
0.077134
0.072791
0.057711
0.086880
0.119196
0.190539
0.145109
0.038493
0.088487
0.098431
0.158074
0.068903
0.068453
0.155625
0.114094
0.090585
0.034108
0.080245
0.089979
0.065361
0.071431
0.098666
0.057911
0.063750
0.036098
0.032846
0.069006
0.064774
0.056070
0.165059
0.242762
0.231232
0.054762
0.067875
0.048474
0.046554
0.091350
0.052931
0.061418
0.102297
0.139404
0.146535
0.061548
0.059007
0.079380
0.070325
0.127735
0.126170
0.084643
0.203999
0.286370
0.203901
0.148077
0.132324
0.159190
0.121295
0.389372
0.413621
0.193425
0.123756
0.134671
0.079374
0.098750
0.162237
0.201786
0.149222
0.257368
0.156548
0.166414
0.480353
0.122743
0.091970
0.225168
0.182224
0.073312
0.170356
0.197574
0.133339
0.160107
0.144557
0.261011
0.284570
0.208455
0.176406
0.226954
0.163445
0.078768
0.309610
0.180018
0.209442
0.390586
0.300446
0.161289
0.169582
0.140987
0.148409
0.169022
0.132233
0.172113
0.183528
0.184711
0.139161
0.202867
0.307124
0.288816
0.321877
0.362959
0.366050
0.270451
0.173534
0.180315
0.272661
0.148902
0.120057
0.177337
0.262812
0.280625
0.255721
0.253125
0.196734
0.195456
0.179807
0.125156
0.192069
0.167199
0.109278
0.105371
0.139601
0.178609
0.129122
0.112870
0.135463
0.112560
0.103790
0.104688
0.141271
0.262760
0.239883
0.200869
0.182895
0.217260
0.175687
0.080825
0.065298
0.230998
0.271829
0.268007
0.199693
0.115398
0.106776
0.132370
0.196252
0.097654
0.153515
0.173327
0.072402
0.152709
0.109418
0.085865
0.056030
0.167816
0.117681
0.206131
0.126452
0.165383
0.133319
0.106476
0.122972
0.101523
0.138673
0.107562
0.135131
0.122351
0.103162
0.079796
0.084482
0.151094
0.146869
0.178100
0.182687
0.094899
0.304201
0.041324
0.045913
0.078799
0.113697
0.050258
0.086054
0.114801
0.035110
0.122795
0.052257
0.046814
0.033808
0.178939
0.133357
0.082929
0.081941
0.089733
0.205995
0.065340
0.039748
0.047547
0.032175
0.047381
0.027685
0.097029
0.129843
0.075549
0.255189
0.096557
0.103002
0.034384
0.050445
0.082022
0.054927
0.101564
0.065675
0.085093
0.065353
0.065510
0.054259
0.056409
0.032168
0.030820
0.038525
0.037567
0.073730
0.129905
0.256027
0.044347
0.036978
0.007684
0.006313
0.018747
0.031513
0.031934
0.058593
0.046223
0.035508
0.073711
0.051472
0.040970
0.037420
0.032504
0.067064
0.051359
0.061996
0.020695
0.064071
0.034150
0.018407
0.040953
0.032603
0.011033
0.008132
0.037168
0.055521
0.225276
0.034895
0.028649
0.021092
0.012673
0.036449
0.022881
0.026028
0.052098
0.008263
0.088531
0.059614
0.025223
0.037491
0.016069
0.042972
0.015641
0.018746
0.016710
0.020080
0.015997
0.071187
0.021069
0.052321
0.015603
0.014453
0.048855
0.022730
0.017874
0.025919
0.020130
0.018320
0.070203
0.056040
0.014542
0.014585
0.038404
0.057458
0.049820
0.022455
0.007410
0.043639
0.029719
0.021632
0.013020
0.009820
0.035703
0.025737
0.012602
0.023884
0.007630
0.017023
0.011519
0.015541
0.012571
0.024562
0.008730
0.020172
0.015832
0.009967
0.138302
0.021671
0.050240
0.050478
0.030970
0.014512
0.040508
0.015493
0.035810
0.039503
0.035546
0.011623
0.035514
0.032982
0.069742
0.053279
0.024906
0.014926
0.072079
0.061207
0.076770
0.064371
0.040581
0.046064
0.034652
0.033587
0.020569
0.040696
0.041609
0.032023
0.057324
0.046204
0.049041
0.038998
0.050434
0.038419
0.034516
0.047504
0.105755
0.057962
0.088016
0.207061
0.189523
0.052464
0.034624
0.012111
0.061204
0.060255
0.096169
0.069159
0.056355
0.067964
0.122475
0.183830
0.127770
0.131485
0.068850
0.046445
0.071605
0.078122
0.155625
0.172114
0.035690
0.056365
0.068853
0.195247
0.159668
0.042206
0.040956
0.050590
0.027745
0.057956
0.067945
0.074184
0.103740
0.315980
0.365404
0.184764
0.061144
0.073005
0.039967
0.101496
0.058409
0.101013
0.060602
0.113127
0.176487
0.055671
0.198111
0.317489
0.271201
0.234187
0.151929
0.158136
0.110781
0.112810
0.158366
0.082442
0.108824
0.154926
0.147396
0.088942
0.067002
0.086890
0.200208
0.033664
0.085091
0.116524
0.058620
0.092020
0.101706
0.042973
0.111907
0.090662
0.114198
0.166069
0.126361
0.270504
0.291603
0.049597
0.153651
0.126573
0.203546
0.164011
0.154830
0.108025
0.074875
0.104912
0.154107
0.151656
0.092331
0.102775
0.160568
0.155615
0.118379
0.108461
0.114902
0.224468
0.205988
0.181617
0.255778
0.237200
0.171989
0.087382
0.313785
0.506067
0.670202
0.445483
0.178798
0.435665
0.186298
0.179821
0.137315
0.249519
0.210123
0.161285
0.187253
0.150175
0.218198
0.147328
0.189784
0.308346
0.244469
0.186340
0.073344
0.123264
0.229926
0.284826
0.241957
0.214452
0.131407
0.112093
0.098080
0.104895
0.110420
0.136855
0.099750
0.101871
0.107951
0.127022
0.097166
0.205633
0.183983
0.193388
0.201548
0.122573
0.134748
0.292518
0.345655
0.259408
0.138848
0.144181
0.104002
0.111478
0.415768
0.221295
0.084339
0.123667
0.336074
0.413009
0.302311
0.123487
0.215221
0.179046
0.140218
0.098319
0.207974
0.113794
0.172558
0.172496
0.123851
0.192162
0.185687
0.140530
1.000000
0.103927
0.099010
0.194340
0.315529
0.246893
0.274742
0.183838
0.130010
0.319758
0.433442
0.175486
0.087515
0.070162
0.070686
0.074742
0.037478
0.104319
0.053636
0.161535
0.130061
0.040707
0.102208
0.072003
0.322712
0.158889
0.061282
0.039471
0.191746
0.075395
0.143217
0.096230
0.066594
0.030872
0.045486
0.062628
0.129060
0.084064
0.057416
0.146905
0.165286
0.052663
0.030876
0.035086
0.028827
0.049606
0.061532
0.072018
0.031807
0.035364
0.030546
0.039626
0.055448
0.033986
0.041848
0.057678
0.050010
0.052505
0.073096
0.052950
0.066107
0.039993
0.027557
0.045552
0.033407
0.090284
0.229174
0.052485
0.025972
0.070919
0.060212
0.088721
0.079612
0.108177
0.048486
0.049379
0.034309
0.016899
0.036179
0.027157
0.018554
0.009548
0.006873
0.038451
0.039273
0.022554
0.021343
0.021496
0.023829
0.037232
0.055292
0.045119
0.030194
0.055553
0.040456
0.014432
0.036449
0.020615
0.035835
0.039770
0.022486
0.165565
0.027483
0.021446
0.008503
0.029478
0.004797
0.011637
0.026788
0.022640
0.024918
0.035540
0.048119
0.029980
0.024823
0.025173
0.017804
0.012427
0.024800
0.009771
0.005037
0.020889
0.025601
0.031878
0.019059
0.044651
0.050701
0.039671
0.016644
0.009966
0.009842
0.005389
0.021703
0.007262
0.013156
0.007134
0.012695
0.010824
0.014676
0.010595
0.020022
0.036688
0.030570
0.036123
0.030431
0.043951
0.018289
0.005104
0.012296
0.024856
0.018889
0.029858
0.032458
0.037323
0.060222
0.019473
0.017073
0.046323
0.047122
0.023226
0.062446
0.029349
0.027707
0.022408
0.040435
0.067767
0.079974
0.039077
0.038150
0.073454
0.043501
0.038616
0.031480
0.033625
0.026783
0.033624
0.019558
0.057655
0.050030
0.041266
0.100057
0.146002
0.087675
0.054020
0.044186
0.033231
0.066592
0.052820
0.044279
0.069326
0.042882
0.019857
0.013183
0.083759
0.039854
0.053966
0.166048
0.062804
0.034830
0.031910
0.023304
0.011332
0.080328
0.106382
0.052519
0.037371
0.029327
0.035413
0.020922
0.101968
0.121736
0.086387
0.075417
0.100940
0.056615
0.087466
0.036727
0.036286
0.147095
0.126732
0.140059
0.407859
0.183801
0.079638
0.056079
0.048764
0.047682
0.120209
0.247547
0.126107
0.255340
0.151831
0.086976
0.076728
0.147804
0.336394
0.327726
0.091898
0.051653
0.084791
0.040822
0.065682
0.090087
0.113255
0.072235
0.053960
0.048037
0.085470
0.062196
0.040309
0.122717
0.102763
0.073815
0.113234
0.105994
0.187420
0.143849
0.291110
0.203819
0.038587
0.168134
0.166018
0.132092
0.311949
0.113731
0.121852
0.170162
0.110968
0.110014
0.082801
0.067444
0.063835
0.088086
0.164149
0.105321
0.110096
0.091914
0.106449
0.320829
0.455557
0.114756
0.074867
0.147127
0.163681
0.166848
0.153953
0.129783
0.248460
0.345759
0.194173
0.132344
0.081418
0.079688
0.209611
