-0.646387
-0.766983
-0.659521
-0.461796
-0.692958
-0.348909
-0.696871
-0.870071
-0.802606
-0.361851
-0.605519
-0.336208
-0.651862
-0.626478
0.032914
0.050683
0.210823
0.127194
-0.358593
-0.497454
0.383900
0.349513
0.359252
0.424564
-0.532403
-0.478620
-0.421120
-0.530128
-0.804779
-0.582588
-0.512437
-0.529744
-0.604554
0.169189
-0.415626
-0.555149
-0.579989
-0.606989
-0.620984
-0.620169
-0.546286
-0.490120
-0.384136
-0.666963
-0.460582
-0.584065
-0.587199
-0.502078
-0.691637
-0.470609
-0.476535
-0.531790
-0.651695
-0.410020
-0.404330
-0.389319
-0.666558
-0.590224
-0.518205
-0.354842
-0.808409
-0.607580
-0.689583
-0.659692
-0.511558
0.510346
-0.471462
-0.478591
-0.448018
-0.495668
-0.064456
0.424612
0.306702
0.284011
-0.390581
-0.072686
-0.705928
-0.610864
-0.447545
-0.284263
-0.197449
-0.618066
-0.627329
-0.732099
-0.779000
-0.903438
-0.899928
-0.592371
0.064720
-0.771911
-0.822863
-0.865198
-0.702033
-0.737181
0.447433
-0.749384
-0.455544
-0.702674
-0.656061
-0.866038
0.964876
0.967519
-0.395112
0.108967
0.137699
0.161716
-0.579259
-0.682604
-0.883002
0.159081
0.212706
-0.772255
-0.633751
-0.684094
-0.864186
0.220233
-0.780911
-0.761379
-0.845963
-0.831911
-0.746358
-0.791368
-0.688474
-0.754910
-0.766920
-0.715519
-0.826609
-0.724178
-0.568626
-0.412262
-0.578889
-0.872879
-0.753926
-0.691568
-0.596969
-0.598004
-0.429288
-0.311257
-0.390247
-0.454915
-0.223207
-0.138673
0.209887
-0.460922
-0.540834
0.126419
-0.406394
-0.738580
-0.853967
-0.980915
-0.685507
-0.338089
-0.083607
-0.838764
-0.816592
-0.663031
-0.687453
-0.795479
-0.754841
-0.616218
-0.728824
-0.842611
-0.703812
-0.623840
-0.901878
-0.940119
-0.557948
-0.637116
0.452577
0.471144
-0.874124
-0.637455
-0.542756
-0.400899
-0.694053
-0.670595
-0.812868
-0.381480
-0.887246
-0.846693
-0.689627
-0.636459
-0.567522
-0.501809
-0.626338
-0.587092
-0.522910
-0.824187
-0.877027
-0.893292
-0.883326
-0.562223
-0.571054
-0.610658
-0.596408
-0.240323
-0.652558
-0.622086
-0.295709
-0.729393
-0.972369
-0.985480
-0.704534
-0.709130
-0.558124
-0.939511
-0.989519
-0.889086
-0.686462
-0.423696
-0.750225
-0.001986
0.155715
-0.825340
-0.597234
-0.563330
-0.496930
-0.675348
-0.561207
-0.497744
-0.914901
-0.927158
-0.865355
-0.778890
-0.850271
-0.980684
-0.837303
-0.911330
-0.792467
-0.868137
-0.872433
-0.972787
-0.894951
-0.491503
-0.478208
-0.985700
-0.909938
-0.716191
-0.746766
-0.768715
-0.589942
-0.731080
-0.795161
-0.565903
-0.560834
-0.847487
-0.927852
-0.927768
-0.900931
-0.914804
-0.782435
-0.410972
-0.909104
-0.895890
-0.334501
-0.575573
-0.491249
-0.894957
-0.965950
-0.956131
-0.942225
-0.973756
-0.892023
-0.601422
-0.707201
-0.904188
-0.745031
-0.592874
-0.628663
-0.573013
-0.398228
-0.480885
-0.429540
-0.741829
-0.878876
0.086298
-0.052355
-0.994384
-0.900964
0.943463
-0.816297
-0.999875
-0.936394
-0.929059
-0.998571
-0.985196
-0.995866
-0.716294
-0.847228
-0.926390
-0.790992
-0.646370
-0.687019
-0.632454
-0.614949
-0.817265
-0.875806
-0.638772
-0.496821
0.230290
0.620229
0.571935
-0.717125
-0.561391
-0.749385
-0.696856
-0.924159
-0.668218
-0.721665
-0.531910
-0.451374
0.127058
-0.629647
-0.642813
-0.484242
-0.110083
-0.054520
0.000641
-0.862444
-0.629194
-0.403922
-0.355478
-0.800465
-0.793956
-0.732519
-0.760717
-0.749711
-0.578020
-0.776276
-0.794407
-0.304779
-0.648254
0.887594
-0.723084
-0.736952
-0.902027
-0.629337
-0.606668
-0.828730
-0.803386
-0.622209
-0.624770
-0.534215
-0.407516
-0.387824
-0.787416
-0.608815
0.380293
0.282058
-0.583170
-0.497213
-0.794589
-0.451832
-0.426860
-0.416021
-0.198483
-0.301274
-0.281854
-0.331555
0.273944
-0.772480
-0.788495
0.626116
0.454585
0.512988
-0.616243
-0.537914
-0.867265
-0.590222
-0.466468
0.359121
0.343855
0.354309
0.413423
-0.091002
-0.460823
-0.443410
-0.554926
-0.560615
-0.532700
-0.418815
-0.812354
-0.752041
-0.807033
-0.489086
0.172447
0.440748
0.501490
0.540843
-0.550535
-0.678967
-0.710701
-0.158602
-0.234185
-0.072154
-0.356331
-0.317358
-0.550252
-0.269292
0.436730
0.685798
0.672549
0.309231
0.371509
0.492408
0.442715
0.370615
-0.396635
-0.508252
-0.556654
-0.585890
-0.666033
-0.579097
-0.634274
-0.539644
-0.493938
-0.845629
-0.465050
-0.375660
-0.335902
-0.497160
-0.405557
-0.593020
-0.508865
-0.586761
-0.468030
-0.672362
-0.684269
-0.520129
-0.570789
-0.523183
-0.480745
-0.131496
-0.162836
-0.473808
0.497094
-0.544862
-0.506718
0.588681
-0.454380
-0.347111
-0.747571
-0.518722
-0.711813
-0.715771
0.693380
0.347954
-0.699529
-0.569530
-0.474206
0.610184
0.532342
0.497198
-0.214423
0.323523
-0.210323
-0.748026
-0.707338
-0.659094
-0.678217
-0.859572
-0.532440
-0.604744
-0.853156
-0.615788
-0.430767
-0.595350
-0.682608
-0.573075
-0.895331
-0.638108
-0.857891
-0.730065
-0.805530
-0.765807
-0.806375
0.474519
-0.260509
-0.296717
-0.511629
-0.561890
0.011647
-0.030053
-0.330745
-0.844089
-0.739680
-0.575474
-0.603090
-0.484207
-0.450151
-0.688593
-0.849955
-0.412036
0.055470
-0.455192
-0.453225
-0.673281
-0.651789
-0.700336
-0.581910
-0.514663
-0.550940
-0.940018
0.310094
0.826969
-0.411360
-0.855961
-0.558534
-0.545580
-0.462889
-0.603882
-0.482681
-0.508658
-0.670308
-0.629952
-0.543761
-0.466449
-0.565719
-0.318369
-0.159113
0.031216
-0.230424
-0.001885
-0.752928
-0.532292
0.204736
0.306662
0.558538
0.391648
0.455322
-0.812241
-0.694496
-0.595787
-0.569614
-0.792715
-0.843602
-0.910147
-0.432295
-0.666586
-0.518227
-0.805909
-0.631334
-0.608045
-0.600379
-0.502169
-0.609719
-0.474785
-0.566310
-0.950639
-0.658954
-0.779229
-0.806875
-0.681508
-0.091074
-0.321776
-0.696553
-0.560753
-0.645459
-0.558631
-0.455053
-0.591620
-0.729406
-0.932776
-0.909359
-0.802095
-0.662525
-0.516474
-0.397816
-0.791181
0.901004
-0.932051
-0.598900
-0.508501
-0.095529
-0.434155
-0.310124
-0.421879
-0.384250
-0.774558
-0.692837
-0.367106
-0.813567
-0.722046
-0.894718
-0.752363
-0.822651
-0.743749
-0.803987
-0.569614
-0.601885
-0.756866
-0.959578
-0.863040
-0.806101
-0.083601
-0.826414
-0.767146
-0.530462
-0.368520
-0.189713
-0.501392
-0.553022
0.006267
-0.371154
-0.324946
-0.947217
-0.932951
-0.999971
-0.395728
-0.273396
-0.746805
-0.445246
-0.407397
-0.807715
-0.999644
-0.907430
-0.925980
-0.501388
-0.921766
-0.672113
-0.705408
-0.918200
-0.971698
-0.910107
-0.861932
-0.980115
-0.597443
-0.598622
-0.818272
-0.855315
-0.835683
-0.995142
-0.885034
-0.922032
-0.363190
-0.825037
-0.913415
0.064612
-0.353180
-0.839467
-0.989558
-0.943253
-0.527550
-0.953022
-0.439593
-0.816297
-0.516441
-0.877774
-0.853215
-0.840162
-0.705546
-0.995647
-0.993270
-0.977711
-0.895366
-0.604102
-0.927674
-0.172601
-0.781753
-0.703569
-0.708291
-0.727757
-0.785042
-0.907633
-0.953719
0.086110
-0.516653
-0.331135
-0.761351
-0.749163
0.010105
-0.924159
-0.082807
-0.726235
-0.604192
0.297030
-0.708565
0.431191
0.472431
0.317059
0.277698
-0.040899
-0.049305
-0.276355
0.723399
0.660875
0.525015
0.317612
0.491641
-0.831300
0.074874
0.360045
0.409900
0.147303
0.287003
-0.001923
-0.699382
-0.382797
-0.510444
-0.450857
-0.408104
-0.397140
0.384361
0.185675
-0.382595
-0.314094
-0.302810
-0.432140
-0.423336
-0.259635
0.341397
0.495211
0.471915
0.429108
0.288594
-0.157505
0.171070
0.190333
0.413533
-0.658640
-0.553019
-0.297740
0.441881
0.415443
-0.653980
-0.662452
-0.563356
-0.684248
-0.396642
-0.381301
-0.485377
0.140170
0.046659
0.083689
-0.256564
-0.595406
-0.349520
-0.515595
-0.438366
0.294001
-0.242011
-0.315902
0.171513
-0.097180
-0.820087
-0.750211
-0.641113
-0.690915
-0.659779
-0.710835
-0.638036
-0.620159
-0.107935
-0.463333
-0.347865
0.201195
0.201911
0.254040
-0.467905
-0.378629
-0.263978
-0.511317
-0.527284
-0.740419
-0.531899
-0.212050
-0.091880
-0.595219
-0.459177
-0.484891
0.455738
-0.663337
-0.710083
-0.692011
-0.630207
-0.659795
-0.240395
-0.111153
0.229813
-0.547172
-0.476149
-0.522287
0.163627
0.242461
0.341154
0.275896
0.427128
0.619566
-0.712649
-0.643611
-0.312575
0.441820
-0.383375
-0.773675
-0.775366
-0.856382
-0.722576
-0.672481
-0.697328
-0.664837
-0.624451
-0.675610
-0.580133
-0.785730
-0.561279
-0.761117
-0.849443
0.460731
0.367231
-0.720912
-0.519884
-0.847834
-0.674431
-0.644037
-0.319164
0.146198
0.265292
-0.417595
-0.770140
-0.702896
-0.529729
-0.506337
-0.792126
-0.810055
-0.758957
-0.692126
-0.807975
-0.633971
-0.948113
-0.618005
-0.240767
-0.641161
0.510285
0.294322
0.362234
-0.700407
-0.689384
-0.770921
-0.744889
-0.890843
-0.742640
-0.766695
-0.910509
-0.790236
0.287383
0.332205
-0.863675
-0.779516
-0.842759
-0.837457
-0.662754
-0.593803
-0.448245
-0.569419
-0.408152
-0.316353
-0.424131
-0.617008
-0.763139
-0.796982
-0.272914
0.495359
0.517386
-0.565553
-0.878120
-0.517685
-0.776586
-0.550510
-0.654552
-0.689380
-0.487023
-0.542705
-0.636805
-0.767449
-0.641240
-0.558184
-0.392257
-0.630391
-0.680976
-0.979675
-0.754091
-0.485129
-0.871793
-0.830695
-0.784358
-0.868288
-0.993378
-0.154187
-0.634783
0.357139
-0.804325
-0.806801
-0.810177
-0.998219
-0.750060
-0.850481
-0.547375
-0.722829
-0.844970
-0.618356
-0.622587
-0.543460
-0.488738
-0.734322
-0.517326
-0.733303
-0.656352
-0.557269
-0.554920
-0.732965
-0.668465
-0.770908
-0.725140
-0.601966
0.171132
-0.345718
-0.691968
-0.591936
-0.533569
-0.513341
-0.569283
-0.551535
-0.527665
-0.633987
-0.965688
0.009291
-0.603233
-0.638485
-0.309822
-0.729393
-0.998684
-0.993303
-0.409940
-0.972594
0.215065
-0.605578
-0.875577
-0.827283
-0.238208
-0.490787
-0.696651
-0.321040
-0.042846
-0.832987
-0.569446
-0.641497
-0.644193
-0.864207
-0.391469
-0.227078
-0.188575
-0.023739
-0.652791
-0.609006
-0.417070
-0.332652
-0.639751
-0.631555
-0.418727
-0.691127
-0.743974
-0.748930
-0.792863
-0.667340
-0.999923
-0.929779
-0.953251
-0.886770
-0.978686
0.875867
-0.251915
-0.480860
-0.639520
-0.814876
-0.843113
-0.992213
-0.999550
-0.920537
-0.542625
-0.682758
-0.688369
-0.927934
-0.462801
-0.243762
-0.930622
-0.893803
-0.995394
-0.996644
-0.932033
-0.988694
-0.909728
-0.915493
-0.884205
-0.582481
-0.825213
-0.440362
-0.428011
-0.948236
-0.761758
-0.848025
-0.998718
-0.963472
-0.859190
-0.070179
-0.680849
-0.420220
-0.843371
-0.659593
-0.657312
-0.811598
-0.503629
-0.781307
0.147379
0.038020
-0.470717
0.229525
0.050491
-0.249527
-0.804733
-0.134729
-0.909060
-0.997503
-0.495323
-0.855054
-0.612097
-0.912739
-0.495450
-0.733550
-0.581336
-0.718741
-0.821239
-0.987896
-0.919289
-0.968749
-0.949117
-0.979309
-0.895061
-0.810933
-0.850780
-0.519046
-0.776707
-0.541347
-0.629865
-0.492936
-0.546299
-0.632652
-0.697150
-0.527118
0.734844
-0.670314
-0.813588
0.437089
0.216274
0.311225
0.077120
0.407743
0.586904
0.283146
0.475837
0.126399
-0.575490
0.678263
0.650550
0.471497
0.443439
0.299252
0.299982
0.336663
-0.211245
0.198350
0.454479
0.093032
0.065183
-0.733789
-0.804198
-0.651507
-0.609391
0.178899
0.426517
-0.879554
-0.817590
-0.713867
0.054968
-0.032162
-0.379700
-0.021852
-0.405668
0.007431
0.382310
0.368639
-0.487602
-0.308236
0.438671
0.446843
-0.180371
0.452203
0.338385
-0.373635
-0.366871
-0.720785
-0.760591
-0.775881
-0.051628
-0.044432
-0.721749
-0.584209
0.018207
0.037082
-0.826762
-0.732053
-0.593657
-0.579206
-0.659317
-0.043262
-0.087054
0.125596
0.528295
0.336346
0.439022
0.116983
0.292861
0.315785
0.311370
0.418866
0.412159
-0.670339
-0.603358
-0.685255
-0.547728
-0.679905
-0.664567
-0.586287
-0.625493
-0.595189
-0.528634
-0.394610
-0.769980
0.076250
0.315745
0.182498
-0.741226
0.078419
-0.671622
-0.712817
-0.757412
-0.551553
-0.589076
-0.272057
-0.461612
-0.489598
-0.443915
-0.248654
-0.270688
-0.717769
-0.663809
-0.554813
0.279643
-0.848971
0.324766
0.252034
0.203259
0.237553
0.071302
-0.596844
-0.983751
-0.623229
0.161670
0.069921
0.583012
-0.930650
0.548880
0.341573
0.156453
-0.294366
-0.128123
-0.703254
-0.747477
-0.911172
-0.675095
0.473717
-0.797635
-0.749580
-0.529641
0.331642
-0.816285
-0.704437
-0.566261
-0.436734
0.039799
0.275205
-0.476833
-0.529758
-0.287965
-0.813516
-0.706473
-0.493639
-0.473347
-0.592945
-0.522728
0.740380
-0.818648
-0.642444
-0.585587
-0.658030
-0.708233
0.225839
0.344853
0.225296
-0.173893
-0.839233
-0.825255
-0.709000
-0.613080
-0.548759
-0.565254
-0.787254
-0.633933
-0.676188
-0.720359
-0.832697
-0.833938
-0.572142
-0.871861
-0.625398
-0.588463
-0.509842
-0.540054
-0.623224
-0.634886
-0.622926
-0.853117
-0.496556
0.169524
-0.481820
-0.483552
-0.884114
-0.793188
-0.528573
-0.809386
0.055021
-0.441894
-0.506176
0.999489
0.999993
-0.579517
-0.633049
-0.496927
-0.536634
-0.448712
-0.108122
-0.414384
-0.775591
-0.901705
-0.625560
-0.698191
-0.654400
-0.816243
-0.740352
-0.850190
-0.699107
-0.633153
-0.867367
-0.665463
-0.480890
-0.562651
-0.619387
-0.610197
-0.535073
-0.557296
-0.255380
-0.194414
-0.878896
0.151724
-0.701271
-0.642357
0.645678
-0.769356
-0.293332
0.321860
0.320084
-0.880910
-0.678609
-0.559574
-0.817526
-0.653003
-0.806423
-0.904555
-0.858072
-0.817540
-0.745302
-0.646040
-0.567464
-0.643845
-0.907052
-0.660301
-0.758504
-0.870713
-0.616469
-0.457359
-0.899923
-0.826030
-0.254621
-0.963310
-0.929949
-0.656894
-0.576280
-0.886117
-0.852023
-0.739661
-0.460112
-0.918744
-0.686037
-0.712266
-0.667057
-0.939657
-0.857855
-0.864754
-0.634691
-0.820641
-0.471970
-0.536354
-0.859393
0.458011
-0.836738
-0.978967
-0.625889
-0.844372
-0.890201
-0.889399
-0.878251
-0.955971
-0.967679
-0.673734
-0.467443
-0.799843
-0.795302
-0.962705
-0.901940
-0.714373
-0.708009
-0.607559
-0.602096
-0.350212
-0.099468
-0.968791
-0.999750
-0.995213
-0.998666
-0.999711
-0.960451
-0.925045
-0.915678
0.566950
-0.624801
-0.906214
-0.907473
-0.725943
-0.971056
-0.498134
-0.814252
-0.995448
-0.531551
-0.471298
-0.543987
-0.596065
0.015897
-0.913689
-0.999253
-0.995529
-0.991039
-0.907420
-0.972177
-0.995131
-0.991540
-0.785361
-0.680006
-0.081326
-0.481215
-0.495430
-0.623779
-0.420431
-0.302386
-0.363272
-0.477338
-0.580455
-0.575244
-0.515709
-0.447985
-0.725901
-0.838099
-0.982244
-0.822592
-0.757923
-0.824534
-0.915717
-0.860465
0.601122
-0.893985
0.735427
-0.907826
-0.293462
-0.070636
-0.742400
-0.709821
-0.487383
-0.446580
-0.678458
0.086145
0.484577
0.265237
-0.815238
-0.447211
-0.304542
-0.817392
-0.586630
-0.947684
-0.212961
-0.838266
-0.766191
-0.899951
-0.913212
-0.853068
-0.545373
-0.819205
-0.494899
-0.417299
-0.918431
-0.768451
0.313879
0.250226
-0.431038
0.335057
0.125166
-0.102619
0.087843
0.069801
-0.015354
-0.784289
-0.619416
-0.712152
-0.642268
0.634459
0.391928
0.676347
-0.868846
-0.240820
-0.726170
0.653185
0.642001
0.420646
0.566071
0.339039
0.285071
0.082730
-0.832403
-0.770320
-0.644772
-0.549717
0.317851
0.203060
0.329569
0.020148
-0.359085
-0.469765
-0.645312
-0.760391
-0.639976
-0.566080
-0.510449
-0.466850
-0.526876
0.462763
0.878035
-0.366360
-0.387464
-0.516504
-0.200032
0.297338
0.184378
-0.731856
-0.661678
-0.626345
-0.536229
-0.261943
-0.585729
0.564027
-0.485525
-0.178672
0.477939
0.573512
-0.361217
-0.753135
-0.661196
-0.819553
-0.801329
-0.560791
-0.797715
-0.817147
-0.595991
-0.683136
-0.487193
-0.425288
-0.503084
-0.785414
-0.689725
-0.576210
-0.674385
-0.924757
-0.803427
-0.782284
-0.687817
-0.450127
-0.420126
-0.642140
-0.411998
-0.594944
0.118506
0.356939
0.554650
0.498057
0.602173
0.443869
0.445402
-0.894306
0.411706
-0.712589
0.723898
0.467911
-0.609038
-0.631096
0.076849
-0.943325
-0.872845
-0.661000
-0.842522
-0.873326
-0.727545
-0.741999
-0.677613
-0.689870
-0.946014
-0.546854
-0.537652
-0.829814
-0.817212
-0.649855
-0.628629
-0.541186
-0.718326
-0.747147
-0.872775
-0.716037
-0.586487
-0.804692
-0.664086
-0.887924
-0.767389
-0.677715
-0.733080
-0.858402
-0.768943
0.182593
0.381645
0.327410
-0.754751
-0.826787
-0.610134
-0.506062
-0.324438
-0.140508
-0.749727
-0.791169
-0.792030
0.207797
0.247726
-0.678435
-0.254257
-0.895697
-0.025512
0.540832
-0.663065
-0.693782
-0.721939
-0.675348
-0.697359
-0.821302
-0.803331
-0.782847
-0.546725
-0.543157
-0.447785
-0.891607
-0.897241
-0.651170
-0.422609
-0.840765
-0.821736
-0.672340
-0.641356
-0.435481
-0.314621
-0.717477
-0.604384
-0.658331
-0.811051
-0.677732
-0.576667
-0.741509
-0.694225
-0.788327
-0.874277
-0.570842
-0.880956
-0.534119
-0.867602
-0.871190
-0.856262
-0.856663
-0.595184
0.217842
-0.542456
-0.845329
-0.778443
0.143401
-0.512683
0.859234
-0.200648
-0.026212
-0.599052
-0.444772
-0.860993
0.560089
-0.560969
-0.584570
-0.584024
-0.565845
-0.467266
-0.846403
-0.814450
-0.737220
-0.548105
-0.878058
-0.703336
-0.610919
-0.919430
-0.906664
-0.854975
-0.914191
-0.915637
-0.854871
-0.806423
-0.019191
-0.753147
-0.838719
-0.752239
-0.554875
-0.533466
0.810449
-0.700978
-0.933609
-0.787810
-0.745627
-0.904748
-0.972594
-0.888600
0.970458
-0.789999
-0.800990
-0.813277
-0.567166
-0.885809
-0.482561
0.030585
-0.516869
-0.832669
-0.703538
-0.755106
-0.996043
-0.846518
-0.832850
-0.796703
-0.777807
-0.623110
-0.768055
-0.850271
-0.637308
-0.593132
0.208033
-0.664983
0.148769
-0.733942
-0.735771
-0.934470
-0.998627
-0.979658
-0.994520
-0.918281
-0.923152
-0.648705
-0.531884
-0.675139
-0.762296
-0.606814
-0.974043
-0.810651
-0.999791
-0.307700
-0.890372
-0.738565
-0.762079
-0.829636
-0.508781
-0.650447
-0.727502
-0.665595
-0.808147
-0.980555
-0.729997
-0.965950
-0.895244
-0.969854
0.007518
-0.884205
0.058640
-0.997322
-0.927563
-0.598510
0.139377
-0.761758
-0.806913
-0.818428
-0.913415
-0.898397
-0.865432
-0.999720
-0.856072
-0.699328
-0.964058
-0.981139
0.500903
-0.540176
0.244218
-0.932721
-0.974701
-0.682973
-0.382469
-0.817143
-0.939900
-0.900871
-0.978671
-0.735504
-0.677072
-0.014705
-0.606375
0.024691
0.026875
-0.607268
-0.119214
-0.785106
-0.907335
-0.873123
-0.952369
-0.460225
-0.563121
-0.455916
-0.711876
0.001791
-0.388808
-0.539538
-0.544936
-0.429571
-0.416167
-0.617942
-0.703891
-0.497889
-0.774357
-0.742771
-0.764488
-0.744850
-0.576183
-0.550994
-0.656817
-0.746906
-0.746815
-0.807764
-0.908765
-0.909006
-0.859065
-0.742462
-0.840961
-0.311338
-0.543661
0.136474
0.251084
0.562919
0.605792
0.505475
0.499420
-0.570186
0.586989
0.666783
-0.668045
-0.488186
-0.858576
-0.623720
-0.558284
-0.753326
0.440656
0.361207
0.359491
0.385727
0.505808
0.736891
0.660444
0.420941
0.363974
-0.859047
0.436616
-0.829956
-0.483733
-0.407585
-0.192139
-0.485770
-0.499280
0.036582
-0.237381
-0.889583
-0.746296
-0.808495
-0.685881
0.407122
-0.899738
-0.922168
-0.545665
0.430230
0.471295
0.234147
0.236473
0.224013
-0.691249
0.546891
0.174950
-0.820741
-0.783914
0.312994
0.231697
0.224402
0.333718
0.069166
0.057977
0.135258
-0.771087
0.268286
0.221194
0.400718
0.198365
-0.845955
0.152113
-0.307211
-0.410763
-0.552303
-0.478581
0.340006
-0.191948
0.064348
-0.648635
-0.803491
0.167720
0.148841
0.104783
-0.205143
-0.620448
-0.239090
-0.751179
-0.552981
-0.508602
-0.558916
-0.641008
-0.528112
-0.331628
-0.638059
0.056278
-0.796243
-0.725382
-0.472994
0.946262
-0.316193
0.126847
-0.083091
-0.759074
-0.824146
-0.500761
-0.530463
0.183153
0.322400
0.352148
-0.483953
0.156876
0.195168
0.249810
0.802627
0.696126
0.531968
0.367722
0.464930
-0.520565
-0.100579
-0.529767
0.984240
-0.773237
-0.965084
0.156506
-0.850725
-0.820308
-0.648720
-0.346415
-0.890917
-0.725641
-0.551644
-0.805572
0.117246
-0.126746
-0.789176
-0.742287
-0.774927
-0.113269
-0.755153
-0.878991
-0.578054
-0.484702
-0.531065
-0.690016
-0.766480
-0.739811
-0.452581
0.417436
0.459289
-0.609315
-0.607235
-0.688340
-0.571616
-0.606923
-0.672853
-0.625241
-0.658767
-0.822638
-0.794660
-0.835153
-0.753307
-0.491079
-0.548093
-0.562208
-0.468194
-0.583640
-0.512587
-0.769326
-0.797178
-0.723851
-0.619589
-0.673119
0.783302
-0.717587
-0.785138
-0.734208
-0.760929
-0.714873
-0.695143
-0.732973
-0.686685
-0.730266
-0.646450
-0.680991
-0.123519
0.057064
-0.637645
-0.618168
-0.520290
-0.416500
-0.525671
-0.279998
-0.303974
-0.768443
-0.716166
-0.207989
-0.697130
-0.258671
-0.227856
-0.910490
-0.872486
-0.895264
-0.785107
-0.597486
-0.731252
-0.999968
-0.364029
-0.870400
-0.102272
0.818603
-0.805813
-0.751022
-0.824038
-0.790371
-0.529110
-0.675857
-0.506454
-0.464494
-0.428320
-0.411373
-0.647376
-0.702512
-0.475092
-0.471345
-0.414945
-0.914968
-0.945884
-0.864795
-0.669692
0.007131
0.082432
-0.770769
-0.800540
-0.845428
-0.807700
-0.834933
-0.764817
-0.813276
-0.792384
-0.415983
-0.909345
0.027454
-0.875764
-0.340595
-0.330117
-0.878172
-0.669556
-0.178813
-0.594339
-0.024671
-0.600357
-0.621820
-0.613439
-0.607930
-0.229044
-0.369837
-0.997867
-0.416190
-0.382126
-0.491528
-0.086304
-0.747674
-0.780793
-0.649674
-0.836661
-0.615275
-0.440210
-0.669555
-0.645969
-0.654381
-0.958970
-0.999314
-0.994520
-0.985385
-0.571519
-0.695977
-0.344124
-0.994288
-0.949890
-0.806989
-0.918052
-0.820113
-0.959008
-0.943512
-0.935007
-0.909149
-0.649659
-0.298853
-0.998765
-0.786634
-0.637726
-0.240418
-0.185400
-0.433598
-0.496078
-0.860431
-0.709386
-0.884579
-0.756473
-0.999778
-0.992230
-0.990949
-0.283613
-0.138308
-0.672497
-0.761758
-0.943201
-0.781401
-0.650751
-0.998399
-0.916942
-0.649481
-0.553775
-0.601613
-0.572784
-0.687859
-0.733745
-0.816297
-0.972530
-0.932721
-0.950639
-0.945488
-0.986514
-0.998312
-0.944324
-0.989682
-0.973145
-0.902817
-0.848098
-0.843960
-0.879660
0.091102
-0.498440
-0.926085
-0.986318
-0.996415
-0.999758
0.064635
-0.631050
-0.806813
-0.706820
-0.201441
-0.984846
-0.966680
-0.752221
-0.776180
-0.580397
-0.729207
-0.549805
-0.598217
-0.739618
-0.570407
-0.646157
-0.717385
-0.793582
-0.856887
-0.726374
-0.797203
-0.672965
-0.609167
0.429988
0.462464
-0.746309
-0.765285
-0.792349
-0.702164
-0.736778
0.550607
0.271798
0.437863
0.543625
-0.785607
-0.683750
-0.570668
-0.623450
0.580292
0.645482
0.648887
0.489273
-0.578972
-0.555307
-0.575162
-0.529562
-0.661006
-0.596147
0.170900
0.047259
-0.863427
-0.666470
-0.659563
-0.658604
-0.542637
-0.537347
0.394249
-0.459354
0.156847
0.315691
0.340275
0.376445
0.436120
0.267159
-0.216706
0.020966
0.322642
0.331371
-0.377332
-0.414621
-0.658280
-0.538726
-0.069812
0.532296
0.505503
-0.356495
-0.101884
-0.125547
-0.410622
0.362247
0.162438
0.048096
-0.868780
-0.750659
-0.649583
0.071150
0.497328
-0.380245
0.597390
-0.464611
-0.458786
-0.363301
-0.461346
0.130016
-0.005551
-0.571385
-0.039062
0.103958
0.440170
-0.203240
0.502002
0.567483
0.530473
0.476054
0.369214
0.361445
0.683110
-0.146818
-0.480950
-0.442376
-0.403530
-0.525482
-0.384150
-0.437905
-0.453842
-0.647722
-0.572514
-0.491254
0.463247
0.492772
0.389667
0.439740
0.372411
0.367518
0.275610
0.185625
-0.396947
-0.284580
-0.119374
0.016980
-0.734238
-0.611488
-0.620255
-0.507611
-0.611125
-0.301520
-0.266457
-0.363923
-0.842047
-0.755446
-0.563801
-0.717028
-0.816087
-0.750193
-0.729051
-0.781575
-0.651881
-0.424859
-0.781827
-0.613444
-0.277756
-0.338396
-0.825007
-0.084533
0.101176
0.893980
0.969147
-0.816265
-0.799830
-0.581981
-0.565561
-0.391311
0.359831
-0.847843
-0.810895
-0.310611
-0.870765
-0.821845
-0.473275
-0.909167
-0.816768
-0.797826
-0.702037
-0.883002
-0.850647
-0.925995
-0.858791
-0.850715
-0.812614
-0.792213
-0.418865
-0.415848
-0.370048
-0.774160
-0.442671
0.103643
-0.818477
-0.872114
-0.853701
0.291738
0.344527
0.195504
-0.892131
-0.267249
-0.914780
-0.906549
-0.800736
-0.676329
-0.780985
-0.837576
-0.391745
-0.705915
-0.593466
-0.598283
-0.652740
-0.637511
-0.574908
-0.466212
-0.660001
-0.621335
-0.570276
-0.638764
-0.567531
-0.632371
-0.569952
-0.554536
-0.753085
-0.882766
0.011855
-0.945697
-0.858004
-0.759660
-0.894065
-0.754841
-0.602017
-0.899967
-0.831365
-0.776918
-0.909581
-0.851238
-0.684754
-0.768044
-0.731252
-0.560465
-0.616345
-0.874124
-0.606760
-0.596141
-0.610961
-0.567187
-0.516982
-0.719810
-0.483014
-0.604982
-0.452038
-0.703324
-0.631583
-0.762158
-0.545961
-0.576500
-0.540384
-0.568312
-0.532786
-0.139269
-0.801703
-0.925664
0.520948
-0.573007
-0.297064
-0.853231
-0.824084
-0.589866
-0.431821
-0.512410
-0.345951
-0.422377
-0.103160
-0.736910
-0.861697
-0.643469
-0.205007
-0.655328
-0.696686
-0.557427
-0.694937
-0.570345
-0.553902
-0.795261
-0.804293
-0.794775
-0.734261
-0.813567
-0.497340
0.250922
-0.964539
-0.953383
0.999556
-0.960003
-0.930383
-0.893538
-0.856564
-0.998330
0.313873
-0.673325
-0.718919
-0.622102
-0.891448
-0.547130
-0.688193
-0.345818
-0.909797
-0.806576
-0.906174
-0.809793
-0.904547
-0.908191
-0.877779
-0.614999
-0.649235
-0.600982
-0.783326
-0.834697
-0.888330
-0.618799
-0.679692
-0.999750
-0.927934
-0.909104
-0.921766
-0.948189
-0.979005
-0.576532
-0.835377
-0.800014
-0.880467
-0.877297
-0.844432
-0.691012
0.835199
-0.997322
-0.953653
-0.828028
-0.874405
-0.860502
-0.721830
-0.290713
0.279282
-0.065029
-0.863404
-0.323415
-0.497627
-0.419837
-0.535912
-0.941609
-0.727484
-0.492818
-0.867931
-0.889566
-0.876200
-0.840645
-0.956723
-0.400555
-0.226993
-0.772369
-0.997498
-0.987858
-0.945368
-0.999961
-0.999439
-0.513015
-0.418063
-0.445428
-0.999058
-0.647414
-0.543326
-0.381511
-0.522086
-0.535616
-0.571755
-0.635096
-0.567912
-0.885511
-0.854303
-0.720622
-0.454937
-0.755023
0.598017
-0.576805
0.318209
0.184225
0.326659
-0.662993
0.123312
-0.585946
0.437963
-0.011728
-0.396331
-0.964075
0.263552
-0.519847
0.315396
0.242229
0.185926
-0.828776
-0.770193
-0.753541
0.063463
0.114353
0.377467
-0.583517
-0.252034
-0.649347
0.864844
0.219879
0.283173
0.243555
0.022143
-0.639130
-0.743210
-0.540747
-0.721930
-0.033225
0.582204
-0.075895
-0.749370
-0.713787
-0.680172
-0.164121
0.360675
0.521146
0.565831
-0.803490
-0.797671
-0.565119
-0.566497
0.344529
-0.228739
0.116509
-0.090494
-0.779212
