0.784244
0.630336
0.743597
0.811366
0.977760
0.925162
0.738228
0.568096
0.642499
0.637857
0.771978
0.586529
0.675528
0.660003
0.675794
0.497201
0.468418
0.409249
0.334195
0.696723
0.559132
0.489751
0.567852
0.508959
0.840413
0.754746
0.916855
0.647888
0.671443
0.776630
0.663112
0.745769
0.685323
0.674416
0.843036
0.632799
0.552325
0.386138
0.737916
0.465085
0.340613
0.721255
0.821756
0.553865
0.621651
0.687715
0.432230
0.468004
0.356619
0.765402
0.825584
0.538839
0.331206
0.266011
0.427815
0.413977
0.418961
0.476537
0.432050
0.406655
0.292213
0.286911
0.228009
0.195181
0.173150
0.261888
0.400805
0.196423
0.510504
0.481130
0.544856
0.465366
0.639252
0.688990
0.348726
0.203774
0.231664
0.300014
0.372781
0.617487
0.415330
0.289376
0.152435
0.337326
0.178750
0.180697
0.059951
0.154327
0.166820
0.250276
0.085082
0.185480
0.142129
0.277438
0.458802
0.153970
0.189484
0.196169
0.181268
0.064645
0.140936
0.364286
0.325796
0.210681
0.393946
0.328970
0.384963
0.345307
0.217031
0.540682
0.129724
0.400675
0.313562
0.089485
0.038999
0.104062
0.146062
0.088799
0.053723
0.042432
0.060850
0.049263
0.036552
0.071540
0.040848
0.112686
0.105165
0.031477
0.040134
0.021989
0.070826
0.104322
0.036821
0.040463
0.050659
0.041322
0.072803
0.076613
0.044487
0.237173
0.065060
0.058739
0.043552
0.125097
0.075183
0.105349
0.016242
0.033030
0.040292
0.073619
0.042715
0.038200
0.088132
0.064465
0.101269
0.011132
0.084229
0.038152
0.011172
0.020918
0.004577
0.045189
0.046781
0.015797
0.027935
0.049641
0.052596
0.021403
0.035047
0.028563
0.061110
0.081010
0.015081
0.038367
0.078253
0.020432
0.158485
0.039702
0.035719
0.022852
0.038821
0.019829
0.042301
0.035211
0.077672
0.041636
0.022650
0.021067
0.018716
0.025367
0.042069
0.050161
0.029174
0.026753
0.015378
0.051463
0.038759
0.048872
0.019019
0.030207
0.021163
0.003509
0.022232
0.060581
0.078116
0.015103
0.016900
0.027950
0.015431
0.016238
0.018173
0.077008
0.223329
0.104904
0.032340
0.019546
0.126424
0.033140
0.035804
0.064899
0.040994
0.095244
0.057435
0.025636
0.056457
0.032981
0.059291
0.056252
0.044616
0.043372
0.067076
0.042863
0.255612
0.774840
0.024350
0.460955
0.044490
0.522577
0.032773
0.911855
0.075647
0.122073
0.395823
0.090756
0.867788
0.056075
0.066442
0.097422
0.066105
0.086556
0.045751
0.027906
0.024153
0.117411
0.093967
0.064890
0.173400
0.057453
0.082525
0.066036
0.139235
0.064474
0.035371
0.149992
0.115451
0.174860
0.134293
0.082925
0.387766
0.388382
0.339650
0.421829
0.415484
0.300842
0.313114
0.557565
0.611496
0.196078
0.323726
0.316321
0.270888
0.230399
0.108317
0.125203
0.093047
0.101265
0.164503
0.175459
0.188285
0.151947
0.276632
0.380178
0.424305
0.424688
0.224342
0.184900
0.269863
0.385769
0.361684
0.418897
0.169565
0.229703
0.220383
0.372006
0.441663
0.361029
0.375749
0.213539
0.259483
0.389695
0.496815
0.874994
0.466844
0.321254
0.365014
0.285694
0.442519
0.259822
0.271909
0.291835
0.197988
0.351016
0.335861
0.228047
0.212754
0.451595
0.533242
0.428915
0.291849
0.231845
0.271839
0.326971
0.255020
0.363705
0.497821
0.298822
0.620629
0.667368
0.567094
0.733787
0.938001
0.409709
0.990515
0.996909
0.993526
0.984525
0.782134
0.998158
0.934733
0.617692
0.896220
0.716011
0.738199
0.724123
0.909906
0.865998
0.573149
0.477073
0.382278
0.414421
0.594279
0.509834
0.172744
0.207076
0.472345
0.746032
0.820570
0.639324
0.580265
0.764619
0.549772
0.564768
0.450738
0.370436
0.570337
0.526608
0.916770
0.696037
0.998664
0.933426
0.866075
0.933153
0.685867
0.829298
0.754067
0.461273
0.356858
0.273431
0.501402
0.352485
0.436514
0.976041
0.970933
0.480449
0.478971
0.285908
0.167331
0.542909
0.287650
0.709785
0.317167
0.495747
0.589683
0.960584
0.747467
0.586719
0.942879
0.534019
0.876828
0.583851
0.501461
0.298453
0.453702
0.676568
0.693394
0.703116
0.547026
0.901057
0.998420
0.801525
0.776954
0.850537
0.900823
0.289278
0.344717
0.239418
0.362568
0.381514
0.327810
0.403269
0.618624
0.690782
0.398630
0.628192
0.598238
0.948625
0.621157
0.494141
0.153090
0.071851
0.481149
0.074658
0.388016
0.224367
0.255459
0.351126
0.273359
0.307191
0.236133
0.219453
0.365433
0.327587
0.304593
0.345940
0.298647
0.163358
0.191420
0.129410
0.089982
0.124106
0.214250
0.196167
0.136716
0.197391
0.096344
0.222277
0.136900
0.062723
0.105193
0.100508
0.160636
0.150674
0.157975
0.092281
0.106480
0.190934
0.468478
0.277951
0.109517
0.125132
0.226387
0.362393
0.199034
0.095132
0.029750
0.044991
0.032615
0.061660
0.071624
0.061605
0.133387
0.181006
0.179354
0.173611
0.054358
0.119095
0.104451
0.066131
0.014818
0.077184
0.082037
0.145442
0.090788
0.047483
0.237173
0.028728
0.077640
0.074593
0.127439
0.115147
0.070797
0.050297
0.058682
0.047278
0.056272
0.042715
0.038200
0.113901
0.150047
0.042111
0.052600
0.061804
0.040407
0.023466
0.030113
0.072964
0.101268
0.089579
0.015797
0.024319
0.071535
0.054567
0.037666
0.015993
0.028563
0.061110
0.081010
0.033127
0.038367
0.068357
0.030266
0.042841
0.021701
0.035719
0.022852
0.026321
0.030590
0.018848
0.035211
0.051438
0.028147
0.023387
0.021067
0.032032
0.023200
0.034561
0.045921
0.014110
0.026753
0.015378
0.026112
0.020837
0.021402
0.033391
0.016994
0.049172
0.015507
0.026757
0.058550
0.033100
0.023635
0.018104
0.036798
0.044029
0.021560
0.025804
0.018664
0.038343
0.032628
0.024022
0.046911
0.034914
0.014998
0.021065
0.025111
0.030418
0.033303
0.026319
0.076663
0.046369
0.087718
0.059291
0.053544
0.036819
0.040682
0.011663
0.026880
0.033553
0.314191
0.232104
0.575392
0.024167
0.042429
0.087531
0.199944
0.104601
0.093803
0.139176
0.036901
0.044292
0.074416
0.060473
0.079820
0.120549
0.078897
0.078849
0.050272
0.036299
0.062201
0.028651
0.049489
0.063350
0.051870
0.121447
0.069510
0.042156
0.074545
0.123108
0.139202
0.089277
0.116188
0.131316
0.080876
0.103642
0.211400
0.136467
0.212925
0.215575
0.371209
0.333554
0.250584
0.210784
0.324609
0.198819
0.289431
0.256140
0.194372
0.284417
0.237608
0.257254
0.255843
0.114552
0.179834
0.201297
0.215495
0.100570
0.114446
0.180482
0.402245
0.564775
0.545564
0.611988
0.508255
0.566983
0.418774
0.190032
0.348772
0.403118
0.232142
0.361624
0.285987
0.305881
0.332520
0.370470
0.287256
0.542125
0.533638
0.515496
0.688849
0.584573
0.675468
0.603342
0.705856
0.329548
0.549106
0.607653
0.523216
0.435311
0.325436
0.185315
0.225721
0.273616
0.319341
0.331627
0.307002
0.353331
0.354005
0.714087
0.564646
0.730592
0.872555
0.639347
0.527466
0.997894
0.971864
0.854735
0.686261
0.877282
0.711719
0.859177
0.507284
0.288055
0.220258
0.347005
0.299144
0.444219
0.582727
0.570206
0.698026
0.936558
0.974576
0.916354
0.840847
0.952560
0.483824
0.924958
0.768173
0.507112
0.897737
0.848014
0.482852
0.513437
0.515030
0.426637
0.544806
0.812439
0.941418
0.996453
0.575848
0.400523
0.465036
0.300393
0.374913
0.566645
0.561882
0.694225
0.861898
0.635098
0.476812
0.537120
0.636160
0.474860
0.561340
0.418401
0.387448
0.636400
0.537968
0.445231
0.592930
0.677154
0.765335
0.886893
0.775920
0.454511
0.441748
0.781020
0.731837
0.670055
0.678224
0.540146
0.270581
0.337028
0.611778
0.843894
0.955589
0.637651
0.804066
0.750634
0.629099
0.523564
0.493620
0.635766
0.399859
0.253800
0.577658
0.219257
0.210618
0.206856
0.245811
0.362260
0.384679
0.335782
0.354784
0.227677
0.064148
0.070856
0.092680
0.121487
0.145886
0.108245
0.074124
0.259022
0.264235
0.455308
0.385889
0.212184
0.319614
0.268798
0.219063
0.135939
0.467631
0.102605
0.444293
0.385585
0.219015
0.231855
0.424937
0.261278
0.233660
0.125787
0.272409
0.223282
0.201098
0.153964
0.169107
0.144328
0.117515
0.304124
0.155359
0.083237
0.138537
0.151832
0.134392
0.076725
0.165954
0.131868
0.235818
0.214454
0.141743
0.085560
0.190934
0.160322
0.063510
0.072492
0.125132
0.048702
0.146062
0.317002
0.214163
0.115361
0.116989
0.090068
0.095200
0.079503
0.081813
0.085408
0.051420
0.029121
0.099676
0.042783
0.029624
0.190124
0.186157
0.052443
0.039648
0.068553
0.070841
0.089375
0.045928
0.061179
0.042193
0.053733
0.042687
0.031888
0.063840
0.105349
0.065276
0.054663
0.031064
0.039380
0.042715
0.027394
0.032601
0.064465
0.101269
0.067938
0.061804
0.019589
0.023466
0.030113
0.013976
0.045189
0.015356
0.015797
0.034650
0.035823
0.054567
0.047350
0.035047
0.018613
0.099921
0.136682
0.033127
0.005773
0.068357
0.030266
0.012312
0.010456
0.034923
0.019249
0.021575
0.009068
0.036722
0.015529
0.051438
0.037863
0.018303
0.026969
0.044833
0.008477
0.042069
0.017193
0.023049
0.026753
0.015378
0.019678
0.010096
0.060449
0.074351
0.030207
0.021163
0.017818
0.022232
0.060581
0.032191
0.025754
0.016900
0.081527
0.079538
0.026629
0.024662
0.035259
0.088057
0.041282
0.035563
0.019261
0.009342
0.020354
0.086683
0.185875
0.076844
0.065360
0.104201
0.076345
0.053088
0.036898
0.035133
0.051546
0.027189
0.437570
0.127796
0.016791
0.651859
0.247375
0.022093
0.995588
0.377272
0.387468
0.071118
0.067752
0.077702
0.016018
0.063827
0.151169
0.142776
0.046939
0.022350
0.085636
0.127688
0.075958
0.043969
0.071157
0.215655
0.175918
0.216454
0.249639
0.173826
0.046651
0.037837
0.042613
0.038619
0.079327
0.182888
0.874956
0.579504
0.231534
0.810066
0.087251
0.178163
0.344879
0.187145
0.288447
0.306864
0.381253
0.354922
0.570566
0.421926
0.146083
0.162270
0.117518
0.149914
0.092658
0.094295
0.080155
0.089811
0.181592
0.127086
0.128313
0.085594
0.178465
0.179863
0.307780
0.277575
0.162322
0.262852
0.403108
0.349133
0.279159
0.386383
0.450342
0.507503
0.358792
0.399474
0.602032
0.491177
0.186958
0.147589
0.200839
0.290129
0.192520
0.198332
0.233349
0.270306
0.263233
0.252166
0.334900
0.392396
0.318124
0.318690
0.388838
0.273576
0.351109
0.340590
0.269535
0.198089
0.151511
0.162072
0.149747
0.390276
0.723692
0.622306
0.634360
0.398113
0.579331
0.584574
0.681944
0.441485
0.298340
0.309662
0.288170
0.593753
0.273017
0.641662
0.819629
0.945460
0.720578
0.700075
0.478954
0.784994
0.753968
0.465285
0.300375
0.140830
0.393253
0.982951
0.863789
0.937734
0.967531
0.985144
0.999970
0.990612
0.673608
0.345142
0.579670
0.989272
0.415158
0.621331
0.580965
0.600818
0.384051
0.658971
0.706583
0.412656
0.854975
0.934100
0.862555
0.667768
0.534953
0.565372
0.738470
0.614020
0.686142
0.612558
0.585136
0.494793
0.670743
0.721882
0.503655
0.425216
0.639693
0.980220
0.216706
0.454715
0.287447
0.217345
0.571730
0.467647
0.159487
0.234783
0.295222
0.258891
0.435039
0.610837
0.641050
0.429783
0.352334
0.166833
0.640413
0.360585
0.216320
0.660361
0.544689
0.354328
0.915392
0.306275
0.785926
0.449951
0.723055
0.626348
0.554724
0.789706
0.514682
0.325045
0.299236
0.133894
0.165703
0.036726
0.284164
0.326867
0.379312
0.180746
0.150518
0.190593
0.141788
0.433857
0.531041
0.424086
0.400471
0.547985
0.513295
0.685153
0.571659
0.701139
0.634534
0.270077
0.388080
0.334745
0.274677
0.116526
0.351109
0.783537
0.327587
0.304593
0.185325
0.132274
0.162274
0.203344
0.159043
0.741679
0.309454
0.245349
0.267050
0.344314
0.199768
0.102792
0.105896
0.117816
0.072321
0.072702
0.174649
0.160636
0.052279
0.140393
0.142152
0.227697
0.363562
0.171887
0.111508
0.102180
0.133492
0.109713
0.127088
0.072981
0.077923
0.064093
0.060850
0.049263
0.064200
0.063468
0.080626
0.112686
0.105165
0.083697
0.099676
0.034922
0.070826
0.104322
0.039099
0.049699
0.039865
0.025591
0.035058
0.094782
0.044487
0.046666
0.065060
0.030566
0.061334
0.117161
0.023719
0.028605
0.040976
0.023687
0.042498
0.059230
0.021108
0.038200
0.062141
0.060668
0.101269
0.050630
0.073154
0.057418
0.018474
0.030113
0.036957
0.028100
0.035409
0.021244
0.014392
0.049641
0.017384
0.047350
0.048664
0.028263
0.023117
0.081010
0.033127
0.038367
0.087058
0.064329
0.535534
0.075184
0.035153
0.011101
0.038821
0.019829
0.051434
0.053602
0.044843
0.028147
0.023387
0.029108
0.021563
0.025367
0.011444
0.006587
0.029174
0.026753
0.015378
0.041608
0.047579
0.039472
0.033391
0.030207
0.015831
0.017109
0.022232
0.060581
0.007128
0.025754
0.023519
0.035545
0.031092
0.014482
0.025804
0.035259
0.065461
0.037021
0.041265
0.021673
0.014291
0.020354
0.013094
0.064899
0.020813
0.022333
0.070920
0.142695
0.106427
0.054515
0.035946
0.023995
0.022394
0.103339
0.461508
0.028634
0.171942
0.061026
0.758344
0.031303
0.214665
0.030834
0.074938
0.085164
0.095531
0.137897
0.176273
0.101050
0.038624
0.023218
0.086543
0.101043
0.063078
0.066407
0.045546
0.088468
0.087249
0.119126
0.065893
0.060404
0.075814
0.070443
0.175417
0.189131
0.108781
0.077808
0.165316
0.139072
0.138063
0.080433
0.109639
0.088117
0.127305
0.141132
0.091725
0.110403
0.131731
0.128779
0.077039
0.090543
0.202500
0.156399
0.250516
0.273116
0.255704
0.240088
0.192256
0.327863
0.618283
0.509832
0.561654
0.391102
0.370515
0.258247
0.318970
0.455436
0.464335
0.338061
0.366790
0.400548
0.304213
0.236188
0.142379
0.454530
0.135840
0.296625
0.239158
0.325081
0.140401
0.414359
0.588253
0.388487
0.552407
0.586319
0.605618
0.213771
0.490398
0.452945
0.412338
0.395129
0.634057
0.403322
0.312686
0.386567
0.504809
0.524575
0.293649
0.312661
0.142538
0.161888
0.357467
0.891704
0.941019
0.677861
0.450344
0.218988
0.256365
0.356632
0.499286
0.386831
0.404669
0.362180
0.200856
0.274070
0.576228
0.468666
0.290188
0.644590
0.695524
0.581705
0.309199
0.359492
0.413641
0.340316
0.441886
0.322282
0.153681
0.154276
0.356553
0.504991
0.478550
0.255217
0.332844
0.391311
0.985656
0.953527
0.954845
0.772504
0.721671
0.678570
0.714122
0.965432
0.992789
0.740822
0.755475
0.998572
0.996071
0.855929
0.762281
0.685043
0.374058
0.366873
0.392519
0.372353
0.378353
0.500173
0.399097
0.364268
0.356756
0.728001
0.999113
0.984622
0.854248
0.719617
0.894853
0.866471
0.667657
0.470146
0.374016
0.385531
0.451044
0.672950
0.507556
0.272597
0.312298
0.515385
0.569129
0.686610
0.512332
0.492056
0.358001
0.247875
0.200197
0.105418
0.149093
0.200085
0.166431
0.211302
0.373396
0.931798
0.296203
0.428250
0.389853
0.330479
0.288720
0.216972
0.129066
0.407393
0.344717
0.062339
0.198308
0.122000
0.204830
0.158694
0.136686
0.091914
0.131284
0.136881
0.169407
0.177511
0.305810
0.298550
0.313108
0.347925
0.365357
0.242700
0.349111
0.309512
0.295642
0.353801
0.349736
0.333835
0.353692
0.303848
0.451115
0.341742
0.223670
0.141354
0.158711
0.194161
0.294103
0.311897
0.192946
0.204205
0.177974
0.330686
0.266199
0.201855
0.127664
0.085520
0.078569
0.055385
0.067639
0.064532
0.089786
0.118342
0.136646
0.138682
0.241346
0.201741
0.090346
0.079230
0.118950
0.178557
0.162932
0.131441
0.068923
0.064225
0.097027
0.059748
0.049263
0.061660
0.066940
0.061605
0.112686
0.141227
0.050256
0.114724
0.126232
0.105256
0.062608
0.030730
0.052443
0.024181
0.017751
0.096819
0.123045
0.061742
0.114263
0.148295
0.042149
0.112315
0.117161
0.063840
0.180649
0.153589
0.054663
0.040292
0.104947
0.064322
0.038200
0.088132
0.064465
0.101269
0.052600
0.061804
0.053492
0.023466
0.030113
0.024706
0.037624
0.046781
0.015797
0.024319
0.041564
0.093720
0.082980
0.047814
0.028746
0.060292
0.025339
0.019059
0.038367
0.068357
0.030266
0.071432
0.069443
0.037082
0.022852
0.033215
0.019829
0.036722
0.035211
0.051438
0.028147
0.023702
0.013635
0.027665
0.012502
0.051039
0.050161
0.029174
0.026753
0.015378
0.029894
0.028692
0.044972
0.033391
0.023827
0.012244
0.021630
0.017706
0.016981
0.020047
0.026203
0.012657
0.016365
0.036701
0.028889
0.043573
0.027627
0.088057
0.018820
0.021446
0.026228
0.014503
0.025902
0.035804
0.021530
0.035903
0.068861
0.042612
0.076663
0.040616
0.033120
0.103701
0.062874
0.053235
0.027843
0.089228
0.088172
0.054719
0.149533
0.196357
0.091142
0.126223
0.054258
0.057982
0.086872
0.069502
0.081623
0.100949
0.199255
0.145744
0.111404
0.122817
0.064286
0.069269
0.060797
0.048883
0.078196
0.023819
0.062071
0.104303
0.201792
0.246489
0.162131
0.134980
0.372155
0.430008
0.278418
0.320125
0.925711
0.624656
0.289585
0.171532
0.287112
0.505176
0.329204
0.209332
0.216491
0.270905
0.239762
0.191050
0.113900
0.215759
0.219442
0.270220
0.228605
0.313253
0.466756
0.406128
0.138896
0.191777
0.195456
0.165392
0.132048
0.142062
0.201198
0.264851
0.251381
0.154486
0.389677
0.242189
0.185218
0.241157
0.301245
0.181162
0.320121
0.451907
0.392115
0.221625
0.221106
0.326901
0.240107
0.374031
0.288565
0.355917
0.207525
0.361097
0.415103
0.412937
0.380263
0.352939
0.383770
0.511167
0.417028
0.314628
0.405471
0.825077
0.501646
0.316253
0.273648
0.296113
0.229022
0.357467
0.400995
0.285104
0.253209
0.284025
0.536596
0.931894
0.998671
0.753808
0.568680
0.478203
0.297995
0.423437
0.599810
0.456851
0.541258
0.613000
0.697252
0.678346
0.720446
0.516620
0.563389
0.352216
0.427774
0.396688
0.355241
0.417357
0.250897
0.294889
0.218679
0.119572
0.310807
0.437604
0.554760
0.447558
0.193704
0.456853
0.451378
0.663650
0.723877
0.600657
0.147271
0.205833
0.177767
0.148835
0.749603
0.643230
0.447052
0.308368
0.713649
0.469670
0.685278
0.700454
0.603408
0.432639
0.500561
0.522376
0.599136
0.663019
0.576715
0.507110
0.472319
0.374751
0.617324
0.834893
0.644725
0.527316
0.514585
0.579555
0.963474
0.910693
0.652492
0.470339
0.443919
0.694235
0.840019
0.644528
0.641389
0.870436
0.915044
0.990872
0.977109
0.997748
0.587115
0.997481
0.544689
0.960927
0.713888
0.872629
0.996725
0.998240
0.507099
0.381816
0.629381
0.695974
0.562316
0.698444
0.600064
0.476060
0.823962
0.592639
0.506069
0.461607
0.563546
0.358067
0.793578
0.983539
0.854231
0.708413
0.977046
0.906357
0.549044
0.471157
0.593679
0.490350
0.390302
0.295849
0.239564
0.268759
0.702142
0.810903
0.833144
0.551611
0.585366
0.343116
0.401885
0.442308
0.431039
0.331286
0.432536
0.441920
0.489331
0.173676
0.163810
0.058803
0.033852
0.068222
0.108249
0.102777
0.138537
0.066961
0.070330
0.153246
0.065213
0.066037
0.044290
0.022743
0.146378
0.217483
0.120873
0.125034
0.094272
0.174506
0.149481
0.046036
0.040801
0.018912
0.035548
0.029216
0.033316
0.049263
0.061660
0.063468
0.063184
0.099780
0.047007
0.019626
0.101797
0.046973
0.031967
0.055573
0.121014
0.104794
0.071149
0.024421
0.009370
0.089375
0.044487
0.237173
0.065060
0.045914
0.061334
0.240133
0.037868
0.031132
0.065276
0.111961
0.040328
0.108267
0.042715
0.049007
0.088132
0.013259
0.239808
0.080699
0.028029
0.029801
0.040752
0.030113
0.029698
0.045189
0.046781
0.006238
0.024319
0.049641
0.054567
0.047350
0.027717
0.046400
0.061110
0.081010
0.082935
0.095619
0.039760
0.030266
0.158485
0.021725
0.035719
0.039196
0.074172
0.019829
0.034304
0.036502
0.031800
0.022347
0.014399
0.013043
0.021183
0.025367
0.042069
0.141562
0.034431
0.026753
0.015378
0.010608
0.028692
0.023998
0.020609
0.026995
0.020657
0.015115
0.022232
0.106213
0.022562
0.038076
0.020267
0.036798
0.036701
0.021560
0.025804
0.017737
0.088057
0.032159
0.013824
0.034652
0.035696
0.015416
0.035804
0.064899
0.040994
0.018499
0.045543
0.061975
0.009257
0.122450
0.086416
0.057927
0.084604
0.110178
0.105786
0.071601
0.084390
0.067952
0.144002
0.024896
0.501175
0.837779
0.078432
0.037806
0.078379
0.041898
0.109689
0.089933
0.123937
0.077747
0.135648
0.099283
0.057511
0.073932
0.103226
0.129267
0.112390
0.050884
0.213809
0.219916
0.241897
0.237176
0.250139
0.143191
0.126552
0.164596
0.238157
0.262083
0.160140
0.118645
0.063678
0.019690
0.069262
0.140932
0.101525
0.059179
0.091265
0.103517
0.256743
0.443163
0.396669
0.383986
0.228346
0.290468
0.205385
0.289583
0.341379
0.278403
0.209325
0.215157
0.207159
0.299170
0.278863
0.284898
0.164572
0.120430
0.289072
0.729841
0.993087
0.857696
0.662367
0.724284
0.813383
0.319103
0.359045
0.257294
0.292549
0.278986
0.389118
0.276221
0.452192
0.591633
0.625948
0.474109
0.453316
0.723189
0.690081
0.689073
0.801774
0.819765
0.426213
0.347882
0.393176
0.331834
0.345972
0.577607
0.396506
0.355958
0.160764
0.201510
0.195229
0.169242
0.176759
0.178059
0.285920
0.262016
0.288824
0.546694
0.329740
0.311890
0.674339
0.446611
0.484866
0.545000
0.519981
0.675106
0.720528
0.978786
0.977382
0.985100
0.816952
0.947002
0.617172
0.464478
0.781028
0.808352
0.880790
0.729356
0.769704
0.865797
0.769596
0.705086
0.478347
0.585921
0.664015
0.703921
0.775309
0.823170
0.648670
0.714486
0.587019
0.883651
0.986421
0.999224
0.551976
0.548049
0.435364
0.363752
0.343648
0.970676
0.992555
0.986839
0.988586
0.998562
0.998603
0.637545
0.911953
0.920623
0.740599
0.557023
0.417999
0.560044
0.867255
0.764291
0.610621
0.812971
0.494338
0.346141
0.249125
0.605848
0.267424
0.311284
0.345011
0.332032
0.250366
0.603347
0.301671
0.383258
0.456419
0.446581
0.635748
0.649942
0.598170
0.966556
0.988762
0.988609
0.993835
0.989890
0.850299
0.764713
0.984335
0.909805
0.902309
0.722021
0.657468
0.433714
0.365199
0.577921
0.344717
0.565954
0.820366
0.650620
0.433568
0.394289
0.404120
0.585355
0.663784
0.587862
0.537708
0.523165
0.352197
0.358986
0.557519
0.439860
0.930078
0.773863
0.413187
0.432730
0.460889
0.595309
0.471929
0.372122
0.359565
0.252586
0.202277
0.409420
0.441384
0.336243
0.454949
0.495202
0.320228
0.258043
0.312382
0.301568
0.318779
0.307737
0.217437
0.253049
0.142088
0.138057
0.146460
0.219800
0.284667
0.257740
0.186518
0.068352
0.088308
0.146378
0.103131
0.138771
0.030972
0.025394
0.111188
0.125132
0.030604
0.068585
0.049578
0.036331
0.034127
0.049205
0.025106
0.050686
0.027733
0.041555
0.132168
0.105165
0.057487
0.068113
0.060531
0.068188
0.108854
0.241777
0.052443
0.195357
0.144753
0.065556
0.061649
0.022796
0.726586
0.041025
0.012655
0.033525
0.061248
0.067282
0.215562
0.065276
0.045954
0.040292
0.073619
0.042715
0.038200
0.143885
0.033886
0.021889
0.052600
0.061804
0.028203
0.023466
0.039307
0.025010
0.013766
0.046781
0.019908
0.020299
0.049641
0.054567
0.047350
0.035047
0.020794
0.061110
0.081010
0.015434
0.013708
0.068357
0.006038
0.130305
0.039702
0.035719
0.021861
0.038821
0.019829
0.036722
0.035211
0.051438
0.010743
0.037879
0.022580
0.027665
0.057290
0.071231
0.039540
0.045107
0.026753
0.015378
0.029894
0.026188
0.075642
0.019583
0.053012
0.007911
0.015115
0.022232
0.060581
0.032191
0.025754
0.009953
0.022601
0.013413
0.021560
0.016807
0.035259
0.025095
0.022163
0.057917
0.128470
0.037772
0.012312
0.022376
0.027082
0.040994
0.073096
0.087224
0.076663
0.012368
0.013923
0.035258
0.051023
0.029428
0.050447
0.031515
0.630362
0.537211
0.116707
0.646213
0.182325
0.214665
0.043722
0.067129
0.010218
0.047291
0.082219
0.164290
0.069700
0.076799
0.131114
0.229608
0.154466
0.079659
0.158706
0.185717
0.174008
0.111178
0.234265
0.244644
0.264409
0.171357
0.055406
0.072849
0.070016
0.089296
0.095725
0.148956
0.252866
0.267772
0.277817
0.219380
0.188288
0.163821
0.098532
0.099133
0.181199
0.155846
0.265517
0.223428
0.176202
0.143291
0.106504
0.034712
0.040618
0.088754
0.098938
0.103089
0.232013
0.191241
0.157635
0.095272
0.202041
0.142463
0.218217
0.259025
0.301964
0.233249
0.171785
0.482958
0.511269
0.518759
0.597944
0.679778
0.799944
0.895617
0.736404
0.644043
0.610517
0.380483
0.133124
0.374834
0.530492
0.527528
0.524261
0.367420
0.315268
0.247442
0.240357
0.260583
0.246602
0.288258
0.419555
0.392592
0.190378
0.351856
0.618020
0.325907
0.512768
0.877218
0.929759
0.623176
0.447019
0.355916
0.563084
0.262902
0.145098
0.474050
0.417176
0.630501
0.989809
0.984965
0.656914
0.410252
0.402300
0.216722
0.226645
0.384021
0.496521
0.478665
0.494836
0.392958
0.244583
0.392956
0.871221
0.827261
0.392351
0.506494
0.585328
0.679564
0.651114
0.265916
0.380031
0.627793
0.465152
0.767846
0.514112
0.552037
0.326157
0.265660
