0.763010
0.641667
0.751686
0.886986
0.720977
0.937157
0.717196
0.492927
0.596510
0.932236
0.795831
0.941788
0.758338
0.779439
-0.999458
-0.998715
-0.977524
-0.991878
0.933494
0.867491
-0.923375
-0.936931
-0.933241
-0.905398
0.846491
0.878022
0.907005
0.847917
0.593575
0.812767
0.858725
0.848158
0.796564
-0.985584
0.909535
0.831751
0.814624
0.794710
0.783823
0.784468
0.837599
0.871655
0.923277
0.745091
0.887617
0.811707
0.809443
0.864822
0.722245
0.882342
0.879156
0.846876
0.758481
0.912077
0.914613
0.921103
0.745453
0.807239
0.855256
-0.934926
0.588622
0.794259
0.724206
0.751536
0.859249
-0.859969
0.881886
0.878038
0.894025
0.868512
0.997921
0.905375
0.951805
0.958821
0.920569
0.997355
0.708284
0.791736
0.894262
0.958746
0.980313
0.786126
0.778754
0.681199
0.627024
0.428719
0.436037
0.805665
0.997903
-0.635731
0.568240
0.501430
0.712144
0.675695
0.894318
0.662136
0.890213
0.711512
0.754708
0.499978
-0.262707
-0.252798
0.918633
0.994045
-0.990474
0.986837
0.815144
0.730788
0.469370
-0.987266
-0.977116
0.635313
0.773537
0.729394
0.503173
-0.975447
0.624642
0.648307
0.533241
0.554909
0.665545
0.611340
0.725261
0.655828
0.641742
0.698593
0.562776
0.689613
-0.822596
-0.911065
0.815406
0.487937
0.656959
0.722311
0.802264
0.801493
0.903168
0.950326
0.920710
0.890535
0.974771
0.990338
0.977726
0.887441
0.841129
-0.991977
0.913698
0.674166
0.520326
-0.194437
0.728066
-0.941114
-0.996499
0.544495
0.577215
0.748592
0.726229
0.605981
0.655908
0.787576
0.684702
0.538522
0.710386
0.781552
-0.431992
-0.340845
-0.829876
-0.770768
0.891725
0.882056
0.485702
0.770487
-0.839890
-0.916122
0.719924
0.741823
0.582448
-0.924377
0.461297
0.532081
0.724165
0.771311
0.823358
0.864979
0.779551
0.809520
0.852388
0.566317
0.480442
0.449477
0.468759
0.826986
0.820912
0.791895
0.802681
-0.970693
0.757739
-0.782949
-0.955278
0.684095
-0.233448
0.169790
-0.709670
-0.705078
-0.829758
0.342518
-0.144403
0.457740
0.727166
0.905804
-0.661182
0.999998
0.987802
0.564635
0.802067
0.826232
0.867791
-0.737500
-0.827676
-0.867324
0.403679
0.374671
0.501160
0.627161
0.526345
0.195599
0.546739
0.411676
0.609914
0.496324
0.488734
0.231703
0.446164
-0.870876
-0.878247
0.168512
0.414744
0.697905
0.665087
0.639591
0.807445
0.682292
0.606398
0.824472
0.827928
0.530816
0.372948
0.373157
0.433963
0.403899
0.622732
-0.911648
0.416568
0.444276
-0.942395
-0.817751
-0.871019
-0.446152
0.258728
0.292940
0.334980
0.227593
0.451990
0.798932
0.707012
0.427134
0.667030
0.805295
0.777678
0.819546
0.917287
0.876784
0.903048
-0.670589
-0.477050
0.996269
0.998629
0.105837
0.433893
-0.331477
0.577633
0.015782
0.350949
0.369931
0.053448
0.171432
0.090833
0.697799
0.531229
0.376566
0.611827
0.763024
0.726640
0.774598
0.788567
0.576262
0.482664
0.769396
0.867853
0.973122
0.784421
0.820299
0.696945
0.827551
0.662135
0.717211
0.382008
0.743966
0.692243
0.846801
0.892335
0.991895
0.776881
0.766023
0.874934
-0.993922
-0.998513
-1.000000
0.506152
0.777249
-0.914793
-0.934685
0.599380
0.607975
0.680747
0.649083
0.661765
0.816023
0.630394
0.607385
0.952423
0.761424
-0.460626
0.690760
0.675945
0.431680
0.777133
0.794956
0.559648
0.595459
0.782851
0.780809
0.845348
0.913198
0.921733
0.616423
0.793312
-0.924866
-0.959397
0.812350
0.867629
0.607148
0.892103
0.904318
0.909355
0.980104
0.953538
0.959457
0.943436
0.961746
0.635039
0.615041
0.779730
0.890703
0.858396
0.787556
0.843000
0.497846
0.807241
0.884538
-0.933291
-0.939023
-0.935128
-0.910539
0.995851
0.887492
0.896319
0.831900
0.828076
0.846304
0.908072
0.583164
0.659116
0.590507
0.872235
-0.985019
-0.897631
-0.865164
-0.841124
0.834812
0.734169
0.703494
0.987343
0.972192
0.997394
0.934360
0.948306
0.834999
-0.963058
0.899593
0.727792
0.740053
0.950987
0.928430
0.870364
0.896662
0.928787
0.917976
0.861208
0.830745
0.810391
0.745922
0.815258
0.773108
0.841893
0.869497
0.533771
0.885284
0.926758
0.941897
0.867659
0.914070
0.805188
0.860846
0.809760
0.883713
0.740223
0.729230
0.854088
0.821096
0.852221
0.876861
0.991317
0.986653
0.880628
-0.867696
0.838526
0.862112
-0.808366
-0.890808
-0.937824
0.664182
0.854943
0.702369
0.698335
-0.720572
0.937512
0.714605
0.821971
0.880414
-0.792260
-0.846529
-0.867637
0.976741
0.946220
0.977632
0.663669
0.706875
0.752061
0.734862
0.511015
0.846468
0.796420
0.521656
0.787912
0.902463
0.803466
0.730785
0.819503
0.445402
0.769946
0.513832
0.683378
0.592555
0.643071
0.591404
0.880245
0.965471
0.954965
0.859206
0.827212
0.999932
0.999548
0.943720
0.536204
0.672959
0.817820
0.797673
0.874953
0.892952
0.725148
0.526855
0.911168
0.998460
0.890393
0.891396
0.739386
0.758400
0.713814
0.813253
0.857392
0.834545
0.341126
-0.950706
-0.562248
0.911473
0.517040
0.829482
0.838059
0.886416
0.797074
0.875796
0.860969
0.742083
0.776634
0.839240
0.884548
0.824598
0.947967
0.987260
0.999513
0.973090
0.999998
0.658103
0.846561
0.978817
0.951819
0.829479
0.920115
0.890327
0.583322
0.719496
0.803142
0.821912
0.609593
0.536969
0.414286
-0.901732
-0.745428
-0.855243
0.592039
0.775511
0.793903
0.799716
0.864769
0.792617
0.880102
0.824193
-0.310300
0.752183
0.626740
0.590723
0.731811
-0.995844
-0.946816
0.717505
0.827983
0.763795
0.829416
-0.890464
0.806217
0.684081
0.360457
0.416013
0.597196
0.749039
0.856303
0.917465
0.611583
0.433811
0.362328
0.800824
0.861061
0.995427
0.900838
0.950696
0.906652
0.923229
0.632503
0.721094
-0.930179
0.581471
-0.691845
-0.446632
0.658749
0.568546
-0.668459
-0.594647
0.821912
0.798582
0.653570
0.281442
-0.505136
-0.591777
0.996499
0.563063
-0.641472
0.847708
0.929620
0.981840
-0.865220
-0.833167
-0.999980
-0.928571
-0.945733
0.320595
0.360003
0.007639
-0.918368
-0.961902
-0.665043
-0.895408
-0.913251
-0.589573
-0.026675
0.420203
0.377572
0.865223
0.387746
0.740449
0.708801
-0.396118
-0.236228
0.414374
-0.507024
0.198429
0.801911
0.801032
0.574831
-0.518108
0.549213
0.098454
0.465526
0.387113
0.931715
0.565079
0.407029
-0.997910
-0.935555
0.543410
0.144138
0.332074
0.849524
0.302902
0.898197
0.577633
-0.856323
0.479076
0.521559
0.542336
0.708664
0.093202
0.115822
0.209955
0.445331
-0.796907
-0.373392
-0.984992
0.623588
0.710627
0.705920
0.685835
0.619443
0.419765
0.300700
-0.996286
-0.856195
0.943583
0.648340
0.662386
-0.999949
0.382008
-0.996566
0.687447
0.796839
-0.954868
0.705645
-0.902261
-0.881368
-0.948406
-0.960668
-0.999163
-0.998784
0.961056
-0.690430
-0.750496
-0.851093
-0.948221
-0.870798
0.555824
-0.997193
-0.932935
-0.912131
-0.989091
-0.957930
-0.999998
0.714748
0.923833
0.859911
0.892596
0.912936
0.917758
0.923183
-0.982611
0.923916
0.949392
0.953051
0.901806
0.905973
0.965707
-0.939919
-0.868773
-0.881644
-0.903253
-0.957452
-0.987518
-0.985259
-0.981720
-0.910489
0.752458
0.833169
0.954647
-0.897074
-0.909619
0.756512
0.749104
0.826214
0.729249
0.917974
0.924451
0.874305
-0.990127
-0.998911
-0.996492
-0.966527
0.803425
0.936929
0.856832
0.898797
-0.955805
-0.970273
-0.948792
-0.985182
-0.995267
0.572239
0.661198
0.767447
0.722936
0.751460
0.703359
0.770007
0.784476
-0.994158
-0.886184
0.937545
-0.979551
-0.979404
-0.967194
0.883779
0.925549
0.964529
0.859392
0.849689
0.672146
0.846808
0.977259
0.995770
0.803564
0.888345
0.874574
-0.890114
0.748321
0.704118
0.721887
0.776427
0.751445
0.970675
0.993803
0.973235
0.837020
0.879365
0.852769
-0.986522
-0.970161
-0.940007
-0.961187
-0.904191
-0.784945
0.701521
0.765353
0.949893
-0.897104
0.923593
0.633583
0.631512
0.516343
0.691292
0.740114
0.716752
0.746988
0.781064
0.737259
0.814522
0.618570
0.827627
0.648614
0.527681
-0.887540
-0.930130
0.693027
0.854237
0.530261
0.738338
0.764994
0.947699
0.989255
0.964168
0.908633
0.637875
0.711293
0.848167
0.862336
0.610357
0.586353
0.651141
0.721777
0.589217
0.773357
-0.317933
0.786174
-0.970583
0.767407
-0.860005
0.955706
0.932087
0.713744
0.724396
0.636931
0.667188
0.454311
-0.669691
-0.642011
0.413490
0.612803
-0.957816
-0.943207
0.504049
0.626382
0.538291
0.546504
0.748837
0.804610
0.893911
0.822048
0.912914
0.948641
0.905601
0.786957
0.646234
0.604003
0.962038
0.868688
0.855752
0.824712
0.478440
0.855571
0.630012
0.834829
0.756017
0.724400
0.873389
0.839923
0.771025
0.641110
0.767341
0.829717
0.919856
0.776278
0.732305
0.200593
0.656770
0.874443
0.489874
0.556728
0.620308
0.496060
0.114890
-0.988042
-0.772690
0.934051
0.594190
0.590824
0.586185
-0.059654
0.661370
0.526006
0.836888
0.691027
0.534814
0.785898
0.782551
0.839435
-0.872431
-0.678802
-0.855788
-0.679902
0.754455
0.830332
0.831904
0.680267
-0.743744
-0.636947
-0.688601
0.798522
-0.985248
-0.938339
0.721928
0.805985
0.845756
0.858185
0.822142
0.834152
0.849452
0.773344
0.259705
-0.999957
0.797565
0.769634
-0.950795
0.684095
0.051281
0.115539
-0.912113
-0.232511
-0.976600
0.795786
-0.483078
-0.561786
0.971214
0.871280
0.717410
0.947066
-0.999082
0.553292
-0.822029
-0.767126
-0.764863
0.503136
0.920191
0.973877
0.982059
0.999718
0.757538
0.793166
0.908875
-0.943050
0.768582
0.775331
-0.908112
-0.722733
-0.668208
-0.662649
-0.609400
-0.744753
0.012399
0.368117
0.302181
0.462212
-0.205362
0.482552
-0.967749
-0.876797
-0.768775
-0.579636
-0.537736
0.124552
0.030010
0.390654
-0.839975
-0.730645
-0.725361
-0.372744
0.886462
0.969835
0.365983
0.448459
0.095872
0.081862
0.362373
0.149945
0.415205
0.402334
0.467100
0.812844
0.564821
0.897820
0.903774
0.317568
0.647862
0.529956
0.050628
-0.267811
0.511657
-0.997534
0.732424
0.907422
0.537332
0.751623
0.753618
-0.584216
0.863920
0.624147
-0.989080
-0.999277
-0.882284
-0.973303
-0.998724
-0.968368
0.593637
-0.990882
0.416665
0.070619
0.868709
0.518540
0.790783
0.408542
0.868637
0.679635
0.813663
0.695278
0.570584
0.155117
0.393584
0.248041
0.314922
0.202369
0.445944
0.585140
0.525522
0.854746
0.629862
0.840799
0.776705
0.870066
0.837590
0.774436
0.716926
0.849792
0.678236
0.742078
0.581442
-0.899418
-0.976333
-0.950336
-0.997022
-0.913097
-0.809656
-0.959077
-0.879533
0.991979
0.817809
-0.734819
-0.759463
-0.881867
-0.896304
-0.954174
-0.953945
-0.941625
-0.977433
-0.980131
-0.890758
-0.995663
-0.997873
0.679378
0.594361
0.758643
0.792870
-0.983867
-0.904480
0.475799
0.575801
0.700281
-0.998488
-0.999483
0.925110
0.999761
0.914021
0.999972
-0.924034
-0.929572
0.873066
0.951310
-0.898648
-0.894613
0.983599
-0.891915
-0.941008
0.927576
0.930272
0.693158
0.649232
0.630879
-0.998666
-0.999012
0.692155
0.811604
-0.999834
-0.999312
0.562552
0.681248
0.804718
0.815181
0.751865
-0.999064
-0.996204
-0.992081
-0.849061
-0.941738
-0.898476
0.993134
0.956155
0.948831
0.950289
0.908048
0.911112
0.742055
0.797471
0.728303
0.836657
0.733300
0.747229
0.810103
0.780230
0.803586
0.848850
0.918849
0.638068
-0.997089
-0.948844
-0.983206
0.671255
-0.996920
0.740894
0.701350
0.652937
0.834140
0.808078
0.962281
0.887082
0.871948
0.896069
0.968592
0.962667
0.696282
0.747902
0.831975
-0.960104
0.528440
-0.945794
-0.967718
-0.979125
-0.971375
-0.997455
0.802357
0.179539
0.782039
-0.986845
-0.997553
-0.812464
0.365910
-0.835901
-0.939855
-0.987685
0.955693
0.991758
0.710939
0.664287
0.412025
0.737731
0.880677
0.603140
0.661914
0.848222
-0.943405
0.577649
0.709767
0.824226
0.899591
0.999208
0.961386
0.878994
0.848149
0.957641
0.581543
0.707740
0.869667
0.880876
0.805243
0.852499
-0.672188
0.574296
0.766333
0.810610
0.752991
0.705979
0.974165
0.938657
0.974290
0.984764
0.543772
0.564760
0.705209
0.790020
0.835980
0.824917
0.616629
0.773388
0.736729
0.693602
0.553728
0.551858
-0.820155
0.489754
0.780306
0.808524
0.860268
0.841630
0.782043
0.772606
0.782281
0.521719
0.868005
0.985526
0.876270
0.875316
0.467272
0.608977
0.848888
0.587277
0.998485
0.897067
0.862430
-0.031954
0.003775
0.814960
0.774111
0.867792
0.843815
0.893677
0.994138
0.910102
0.631236
0.432352
0.780176
0.715912
0.756149
0.577708
0.672219
0.526477
0.715017
0.774027
0.497669
0.746431
0.876781
0.826694
0.785086
0.792249
0.844806
0.830314
0.966841
0.980920
0.477013
-0.988423
0.712895
0.766406
0.763610
0.638820
0.956011
0.946787
0.947389
0.473284
0.734500
0.828780
0.575892
-0.757356
0.591340
0.426357
0.513530
0.575872
0.666728
0.763304
0.823398
0.765156
0.421020
0.751001
0.651668
0.491792
0.787379
-0.889282
0.436050
0.563626
-0.967041
0.268392
-0.367688
0.753983
-0.817252
-0.463462
0.523504
0.672980
-0.887861
0.394855
0.727567
0.701910
0.745007
-0.342118
0.513891
0.502195
-0.772766
-0.571444
-0.881615
-0.843993
0.511316
-0.888946
-0.547603
0.204020
0.779912
0.535758
0.455568
0.457132
0.478199
0.293460
0.252185
-0.738974
-0.884023
0.600210
0.606213
0.270552
0.431861
0.699765
-0.706203
-0.794274
0.798423
0.936670
0.995041
-0.247880
-0.022357
-0.097725
-0.051641
-0.024044
0.278449
0.379858
0.401912
-0.823752
-0.780784
-0.422819
0.420110
0.687755
0.238850
0.867100
-0.580512
0.095303
0.847026
-0.881974
0.839094
-0.802936
-0.999874
0.406415
-0.038647
-0.094458
0.133576
0.420225
-0.234247
-0.098557
-0.129802
0.619038
0.733206
-0.996688
0.876602
0.868648
0.781601
0.907325
0.953185
0.931683
0.878720
0.814292
0.817982
0.856764
0.894041
0.687799
0.545517
-0.187608
0.568632
0.652344
0.565813
0.401823
0.509510
0.799157
0.448096
-0.677604
0.419348
-0.955971
0.997502
0.669957
0.704382
0.873188
0.894743
0.734640
0.996283
0.874749
0.964183
0.579125
0.894429
0.952499
0.576082
0.809855
-0.319210
-0.977061
0.545261
0.642613
0.435992
0.407485
0.521800
0.838194
0.573500
0.868950
0.908769
0.395580
0.639908
-0.949463
-0.968187
0.902334
0.942198
-0.992136
-0.994721
-0.996134
0.997561
-0.999882
0.620396
0.785063
0.702025
0.766480
-0.772956
-0.919996
-0.736583
0.495082
0.970570
0.687515
-0.757199
-0.766704
-0.907225
-0.824356
-0.940772
-0.958506
-0.996572
0.554170
0.637657
0.764375
0.835351
-0.948141
-0.979166
-0.944132
-0.999797
0.933305
0.882791
0.763919
0.649466
0.768395
0.824350
0.859908
0.884337
0.849942
-0.886482
-0.478596
0.930473
0.921885
0.856285
0.979789
0.954772
-0.982855
0.681460
0.749788
0.779546
0.844072
0.965083
0.810507
-0.825756
0.874223
0.983909
-0.878393
-0.819197
0.932482
0.657866
0.750213
0.573004
0.598223
0.827957
0.603035
0.576430
0.802991
0.730291
0.873294
0.905058
0.864238
0.618971
0.724071
0.817302
0.738380
0.380559
0.595404
0.622922
0.725884
0.892965
0.907466
0.766587
0.911185
0.803767
-0.992953
-0.934128
-0.832083
-0.867144
-0.798365
-0.896092
-0.895331
0.447455
-0.911317
0.701582
-0.689907
-0.883776
0.793141
0.775705
-0.997043
0.331870
0.487997
0.750386
0.538662
0.487136
0.686060
0.670401
0.735419
0.723934
0.324125
0.837228
0.843167
0.558040
0.576337
0.760058
0.777705
0.840903
0.695707
-0.664659
0.488122
0.698062
0.809959
0.593693
0.747656
0.459989
0.641182
0.735324
0.680142
0.512977
0.639317
-0.983189
-0.924309
-0.944882
0.656011
0.562515
0.792298
0.862497
-0.945907
-0.990080
0.661748
0.611598
0.610482
-0.978172
-0.968830
-0.734661
0.967137
0.444666
-0.999675
-0.841130
0.748562
0.720185
0.691957
0.737500
0.716722
0.570493
0.595533
0.622214
0.837312
0.839631
0.894141
0.452810
0.441542
0.758932
0.906312
0.541400
0.569868
0.740243
0.767244
0.900198
0.949218
0.696582
0.796693
0.752728
0.584975
0.735309
0.816980
0.670943
0.719758
0.615256
0.485427
0.821060
0.473197
0.845409
0.497259
0.490945
0.516541
0.515877
0.803590
0.975984
-0.840084
0.534247
0.627715
-0.989665
0.858578
-0.511583
0.979663
0.999656
0.800710
0.895644
0.508617
0.828433
0.827837
0.811343
0.811737
0.824512
0.884117
0.532543
0.580233
0.675653
0.836410
0.478555
0.710858
0.791693
0.393255
0.421853
0.518669
0.405284
0.402007
0.518840
0.591340
0.999816
0.657852
0.544565
0.658891
0.831934
0.845822
-0.585810
-0.713182
0.358292
-0.615918
-0.666364
-0.425948
-0.232511
0.458683
-0.241272
0.613108
0.598678
0.581877
0.823603
-0.464050
0.875862
-0.999532
0.856064
0.553771
0.710658
0.655602
-0.088873
0.532359
0.553498
0.604372
0.628503
0.782134
0.640384
0.526345
0.770609
0.805106
-0.978122
0.746858
-0.988872
-0.679212
-0.677231
0.356041
0.052375
0.200673
-0.104542
0.395930
0.384436
-0.761040
-0.846817
-0.737690
0.647229
0.794844
-0.226365
-0.585529
0.020464
-0.951483
0.455233
0.674183
0.647484
0.558305
-0.860896
-0.759552
-0.686105
-0.746313
-0.588981
0.196244
0.683451
0.258728
-0.445576
0.243685
0.999972
0.467100
0.998279
0.073131
0.373667
0.801115
0.990239
0.647862
0.590670
0.574609
0.407029
0.439185
0.501026
-0.023656
-0.516856
0.714801
0.265690
0.193306
-0.865503
0.841552
0.969720
0.360599
0.223512
0.730444
0.923968
0.576435
0.341450
0.434087
0.205435
0.677521
0.735917
-0.999892
0.795179
-0.999695
-0.999639
0.794497
-0.992869
0.619361
0.420407
0.487499
0.304947
0.887802
0.826374
0.890023
0.702305
-0.999998
0.921319
0.841961
0.838478
0.903033
0.909288
0.786224
0.710308
0.867241
0.632749
0.669545
0.644638
0.667232
0.817320
0.834509
0.754050
0.664929
0.665032
0.589506
0.417309
0.416784
0.511867
0.669888
0.541096
-0.950299
0.839305
0.990644
0.967965
0.826512
0.795623
0.862841
0.866360
0.821516
-0.809595
-0.745252
0.744121
0.872740
-0.512686
0.781648
0.829650
0.657648
-0.897676
-0.932485
-0.933149
-0.922613
-0.862646
-0.676012
-0.750876
-0.907088
-0.931409
0.511896
0.899648
0.557829
0.875216
0.913167
0.981368
0.874087
0.866440
0.999331
0.971417
0.456773
0.665615
0.588503
0.727714
-0.913374
0.436430
0.386790
0.838004
0.902719
0.881976
-0.972201
-0.971638
-0.974586
0.722616
-0.837204
-0.984577
0.571300
0.620869
-0.949755
-0.972788
-0.974497
-0.942673
-0.997605
-0.998318
-0.990810
0.636729
-0.963339
-0.975230
-0.916201
-0.980128
0.533254
-0.988363
-0.951641
-0.911742
0.833644
0.878043
-0.940423
-0.981405
-0.997927
0.761100
0.595317
-0.985835
-0.988861
-0.994495
-0.978732
0.784248
0.970997
0.660098
0.833194
0.861002
0.829224
0.767534
0.849174
0.943410
0.769988
-0.998415
0.604976
0.688346
0.881066
-0.323400
-0.948695
-0.991922
-0.996542
0.651005
0.566377
0.865586
0.847708
-0.983084
-0.946603
-0.935944
0.875094
-0.987618
-0.980770
-0.968295
-0.596481
-0.717919
-0.846764
-0.929936
-0.885347
0.853822
0.994929
0.848144
-0.176837
0.634117
-0.261941
-0.987677
0.525611
0.571922
0.761027
0.938082
0.454166
0.688073
0.834080
0.592497
-0.993103
-0.991935
0.614167
0.670082
0.632051
-0.993564
0.655549
0.476838
0.815999
0.874679
0.847331
0.723794
0.642268
0.672815
0.891723
0.908706
0.888287
0.792928
0.794523
0.725388
0.820522
0.794761
0.739776
0.780432
0.752347
0.568565
0.607054
0.550018
0.657669
0.871115
0.836417
0.826996
0.883626
0.812013
0.858636
0.638856
0.603744
0.689957
0.784927
0.739534
-0.621641
0.696469
0.619321
0.678925
0.648836
0.699255
0.718872
0.680257
0.726955
0.683163
0.762956
0.732292
0.992342
0.998371
0.770331
0.786046
0.853989
0.909136
0.850688
0.960000
0.952680
0.639918
0.697930
0.978131
0.716945
-0.965965
-0.973695
-0.413531
0.488640
0.445536
0.619361
0.801879
0.682108
0.008027
-0.931388
-0.492346
-0.994756
-0.574360
0.592171
0.660277
0.566535
0.612628
0.848553
0.737033
0.862267
0.885576
0.903627
0.911467
0.762171
0.711672
0.879936
0.881949
0.909846
0.403526
0.324506
0.502125
0.742639
-0.999975
-0.996597
-0.637115
-0.599279
0.534089
0.589594
0.550351
0.644248
0.581878
0.610023
-0.909372
-0.416043
-0.999623
0.482739
0.940210
-0.943940
0.478346
0.742762
-0.983883
0.804215
-0.999696
0.799732
0.783161
0.789742
0.793990
-0.973416
-0.929097
0.065285
0.909277
0.924110
0.870862
0.996269
0.664066
0.624789
0.760213
0.547721
0.788313
0.897895
-0.742763
-0.763364
-0.756165
-0.283508
-0.037024
-0.104542
-0.170341
0.820589
-0.718064
-0.938924
0.106729
0.312585
-0.590567
0.396460
-0.572202
0.283378
0.331339
0.354631
0.416470
-0.760226
-0.954299
-0.049686
0.617420
0.770263
-0.970669
-0.982663
-0.901106
-0.868278
0.509566
-0.704820
-0.466390
-0.654025
-0.021075
0.124414
0.134241
-0.958939
-0.990389
-0.740100
0.647862
0.332224
-0.624030
-0.759291
-0.056565
-0.399021
0.760378
0.832666
0.798788
0.819706
0.725844
0.679425
0.577633
-0.232777
0.360599
-0.310299
-0.325656
0.163676
-0.058075
-0.329018
0.143283
0.230191
0.430024
0.529840
0.536406
0.475603
0.995842
-0.866924
-0.377314
-0.164851
0.084594
-0.021999
-0.997909
0.775742
0.590807
0.707394
-0.979501
-0.173432
0.255987
0.658910
0.630512
0.814334
0.684294
0.835293
0.801334
0.673027
0.821362
0.763205
0.696677
0.608464
0.515504
0.687300
0.603711
0.739674
0.793042
-0.902835
-0.886638
0.665600
-0.643691
0.610068
0.712015
0.676135
-0.834764
-0.962354
-0.899041
-0.839328
0.618726
0.729716
0.821181
0.781863
-0.814408
-0.763776
-0.760885
-0.872131
0.815347
0.831645
0.818039
0.848271
0.750381
0.802875
-0.985288
-0.998883
0.504474
0.745532
0.751649
0.752490
0.839967
0.843361
-0.919004
0.888253
-0.987623
-0.948862
-0.940326
-0.926439
-0.899888
-0.963652
0.976237
-0.999780
0.946521
0.943501
0.926078
0.909994
0.752774
0.842481
0.997560
0.846558
0.862825
0.934297
0.994796
0.992088
0.911805
-0.932082
-0.986719
-0.998843
0.495199
0.660689
0.760290
0.997466
-0.867563
0.924886
-0.801951
0.885515
0.888547
0.931672
0.887220
-0.991512
-0.999985
0.820682
-0.999237
-0.994582
-0.897914
0.979129
-0.864866
-0.823385
-0.847702
-0.879416
-0.929345
-0.932393
-0.730316
0.989164
0.876748
0.896830
0.914966
0.850804
0.923271
0.899021
0.891082
0.761877
0.819895
0.871016
-0.886229
-0.870158
-0.920956
-0.898125
-0.928068
-0.930016
-0.961269
-0.982621
0.917842
0.958652
-0.992849
-0.999856
0.678892
0.791253
0.784400
0.861586
0.791534
0.953460
-0.963847
-0.931429
0.539404
0.655211
0.825911
0.697044
0.577929
0.661219
0.684460
0.623811
0.758321
0.905260
0.623495
0.789738
-0.960652
-0.941004
0.565123
-0.996421
-0.994869
0.448106
0.246485
0.577678
0.600226
0.813202
0.824707
0.920258
0.933018
0.530247
0.585191
-0.950537
0.491700
0.569711
0.880915
0.416431
0.576966
0.602888
0.712141
0.469370
0.525737
-0.377535
0.512327
0.525627
0.582802
0.610244
0.908048
-0.909434
-0.929013
0.632990
-0.896684
-0.994615
0.574539
0.489303
0.520763
0.956498
0.938776
0.980703
0.451777
-0.963627
0.403952
0.422102
0.599017
0.736600
0.624550
0.546321
0.920074
0.708297
0.804859
0.801285
0.757582
0.770442
0.818218
0.884673
0.751265
0.783545
0.821453
0.769403
0.823352
0.774666
0.821678
0.832159
0.657924
0.469813
0.999930
0.325050
0.513643
0.650321
0.447937
0.655908
0.798483
0.435959
0.555727
0.629601
0.415528
0.524779
0.728774
0.640397
0.682108
0.828178
0.787476
0.485702
0.794885
0.802880
0.791660
0.823589
0.855997
0.694172
-0.875613
0.796239
0.891999
0.710869
0.775308
0.647391
0.837811
0.817097
0.841419
0.822813
0.846250
0.990255
0.597722
0.378346
0.853588
0.819551
0.954857
0.521534
0.566467
0.807501
0.901959
-0.858741
0.938253
-0.906420
-0.994665
0.675990
0.507423
-0.765472
-0.978760
0.755344
0.717376
0.830226
0.719070
0.821406
0.832582
0.606267
-0.594233
-0.606905
-0.678867
0.581471
0.867556
-0.968007
0.263941
0.301762
0.029807
0.279991
0.366589
0.448987
0.516041
-0.057762
0.949465
-0.739347
-0.695094
-0.782936
-0.453123
0.837048
0.725528
-0.938301
-0.415053
-0.591130
-0.422906
-0.586716
0.426374
0.418555
0.479066
0.788528
-0.760588
-0.799262
0.621611
0.550710
0.459205
-0.785549
-0.733498
-0.022357
-0.372744
0.416568
0.387746
-0.317707
-0.203837
-0.817075
0.549678
0.599981
0.474107
0.479949
0.535663
0.722843
-0.549948
0.073131
0.300909
0.560687
0.485196
0.509447
-0.692071
-0.956810
0.960209
-0.997883
0.504513
-0.946257
-0.867391
-0.907600
-0.844274
-0.336708
-0.686124
-0.870132
0.496685
0.456807
0.481947
-0.541587
-0.291000
-0.916273
-0.973896
-0.635174
0.070696
0.155362
0.326005
-0.008785
-0.033504
0.858380
0.908418
0.895318
-0.043403
0.762139
0.839522
0.924364
0.852893
0.844462
0.820425
0.772433
0.823090
0.464618
0.519775
0.693328
0.890524
0.655699
0.801484
0.816882
-0.948021
-0.982884
-0.945142
0.748626
-0.992368
0.810350
-0.898993
-0.999931
-0.918108
0.265632
-0.964645
-0.854259
-0.948960
-0.970219
-0.982564
0.559581
0.637811
0.657400
-0.997984
-0.993440
-0.926023
0.812101
0.967718
0.760492
-0.502041
-0.975527
-0.959069
-0.969887
-0.999755
0.769099
0.669058
0.841185
0.691966
-0.999448
-0.813043
-0.997116
0.662152
0.700363
0.733053
0.986440
0.932691
0.853467
0.824521
0.595318
0.603093
0.825010
0.824064
0.938776
0.973488
0.993190
-0.995897
0.626760
