51.900000
52.796000
49.107000
46.051000
46.466000
48.597000
43.887000
37.412000
37.353000
42.609000
37.429000
37.255000
39.797000
36.944000
35.142000
33.837000
20.401000
19.657000
24.101000
21.643000
14.763000
12.322000
13.278000
15.226000
24.607000
34.543000
21.149000
22.283000
23.352000
20.988000
22.302000
27.699000
31.458000
28.653000
27.598000
29.965000
18.044000
-5.832000
-13.732000
3.056000
10.187000
16.710000
23.252000
25.383000
23.327000
20.014000
24.034000
24.366000
17.368000
9.314000
2.899000
2.457000
7.637000
14.148000
16.684000
13.025000
14.632000
20.477000
20.341000
12.704000
-5.436000
-18.162000
-9.656000
-2.374000
-11.847000
-4.338000
4.576000
13.157000
16.604000
13.695000
4.595000
7.003000
9.031000
-8.893000
-28.179000
-28.289000
-19.748000
-6.796000
0.785000
-0.947000
-1.266000
0.697000
1.930000
1.152000
-0.337000
-4.906000
-8.185000
-10.902000
-9.527000
-7.160000
-5.198000
-3.134000
-1.332000
-0.536000
0.296000
1.634000
2.929000
3.213000
2.816000
2.301000
1.645000
1.105000
0.525000
0.378000
0.150000
-0.066000
-0.176000
-0.304000
-0.185000
-0.380000
-0.559000
-0.705000
-1.367000
-1.814000
-2.301000
-2.708000
-3.142000
-3.470000
-3.958000
-4.229000
-4.531000
-4.857000
-5.190000
-5.497000
-6.003000
-6.517000
-7.078000
-7.348000
-7.620000
-7.987000
-8.244000
-8.505000
-8.790000
-9.195000
-9.353000
-9.624000
-10.636000
-10.933000
-11.281000
-11.470000
-11.767000
-12.033000
-12.148000
-12.325000
-12.619000
-12.973000
-13.296000
-13.683000
-13.902000
-14.105000
-13.879000
-14.022000
-14.209000
-14.612000
-15.219000
-15.598000
-15.654000
-15.577000
-15.896000
-16.195000
-16.327000
-16.053000
-15.751000
-15.977000
-15.999000
-16.298000
-16.304000
-16.488000
-16.606000
-16.519000
-16.834000
-17.086000
-17.091000
-17.219000
-17.007000
-16.879000
-16.937000
-16.959000
-17.056000
-17.114000
-17.161000
-17.191000
-17.280000
-17.291000
-17.398000
-17.317000
-17.268000
-17.419000
-17.116000
-16.964000
-16.725000
-16.665000
-16.513000
-16.504000
-16.663000
-16.413000
-16.239000
-16.451000
-16.260000
-16.220000
-15.970000
-15.857000
-15.882000
-15.409000
-15.424000
-15.225000
-14.848000
-14.511000
-13.884000
-13.629000
-13.484000
-13.248000
-12.929000
-12.355000
-11.836000
-11.230000
-10.978000
-10.648000
-10.320000
-9.845000
-9.285000
-8.605000
-7.968000
-7.369000
-6.748000
-6.078000
-5.552000
-5.041000
-4.066000
-3.389000
-2.738000
-2.472000
-1.969000
-1.567000
-0.891000
-0.529000
-0.017000
0.861000
1.333000
1.957000
2.797000
3.360000
4.234000
5.154000
6.351000
7.650000
8.743000
9.307000
9.690000
10.375000
11.333000
11.924000
12.985000
13.819000
14.607000
15.016000
15.514000
15.976000
16.751000
17.098000
16.158000
15.073000
14.935000
16.696000
19.196000
21.247000
22.450000
23.583000
23.947000
23.681000
24.073000
25.146000
25.075000
25.661000
27.068000
28.914000
29.939000
30.209000
30.356000
30.702000
30.693000
31.694000
32.517000
33.691000
34.227000
33.994000
33.784000
33.230000
32.196000
31.170000
30.035000
29.302000
28.125000
25.214000
22.496000
20.617000
20.264000
21.756000
22.213000
23.984000
25.272000
25.345000
25.661000
26.734000
26.989000
27.487000
30.468000
29.937000
26.946000
26.203000
26.971000
28.526000
26.038000
28.676000
29.268000
31.899000
29.470000
29.452000
32.892000
33.515000
35.319000
36.304000
35.851000
34.598000
31.880000
31.174000
34.051000
31.722000
25.528000
24.316000
23.675000
22.861000
21.077000
27.377000
36.604000
40.735000
40.372000
39.255000
34.836000
34.876000
37.344000
34.625000
31.282000
29.792000
33.195000
34.265000
30.349000
28.091000
32.776000
33.604000
29.934000
28.026000
29.479000
32.873000
32.846000
32.692000
42.004000
44.680000
42.214000
48.958000
40.033000
32.398000
22.849000
15.790000
8.836000
20.151000
18.968000
8.042000
5.966000
-7.889000
0.663000
14.963000
24.413000
33.138000
38.271000
38.745000
36.050000
31.130000
19.472000
16.934000
14.299000
15.666000
23.437000
29.798000
30.860000
32.153000
27.131000
15.943000
21.879000
18.121000
2.328000
2.635000
6.928000
17.132000
27.360000
30.755000
31.203000
31.068000
27.350000
25.361000
17.905000
8.952000
-8.456000
5.698000
17.932000
14.930000
22.239000
35.051000
36.029000
31.055000
25.230000
28.551000
28.631000
25.281000
20.254000
20.011000
28.476000
29.776000
25.492000
26.051000
26.236000
26.707000
21.558000
28.447000
26.865000
25.249000
28.225000
30.292000
28.007000
26.361000
26.767000
28.824000
30.628000
33.104000
33.063000
28.419000
22.816000
22.673000
21.501000
18.885000
12.591000
13.636000
18.040000
15.608000
13.655000
13.283000
3.921000
-13.427000
-18.063000
-19.687000
-15.311000
-14.751000
-9.372000
4.907000
4.939000
-0.944000
-11.123000
-18.109000
-17.913000
-17.221000
-17.105000
-16.599000
-13.308000
-11.697000
-10.540000
-10.262000
-9.463000
-8.595000
-8.094000
-7.777000
-7.995000
-7.949000
-7.686000
-7.195000
-6.794000
-6.472000
-6.201000
-6.575000
-6.597000
-7.019000
-7.416000
-7.957000
-8.118000
-7.849000
-7.618000
-7.489000
-7.539000
-7.567000
-7.961000
-8.637000
-9.151000
-9.670000
-10.002000
-10.136000
-10.252000
-10.184000
-10.459000
-10.718000
-10.894000
-10.967000
-11.091000
-11.372000
-11.665000
-11.895000
-11.905000
-12.191000
-12.273000
-12.350000
-12.641000
-13.246000
-13.919000
-14.292000
-14.525000
-14.885000
-14.906000
-15.322000
-15.189000
-15.126000
-15.157000
-15.154000
-15.532000
-15.818000
-16.102000
-16.576000
-17.329000
-18.070000
-18.414000
-18.290000
-18.441000
-18.273000
-18.185000
-18.178000
-17.973000
-17.920000
-18.109000
-18.147000
-18.194000
-18.145000
-18.181000
-18.018000
-18.041000
-17.932000
-18.015000
-18.118000
-18.091000
-17.890000
-18.004000
-18.269000
-18.389000
-18.435000
-18.253000
-18.203000
-18.167000
-18.117000
-17.540000
-17.048000
-16.824000
-16.755000
-16.579000
-16.416000
-16.370000
-16.161000
-15.924000
-15.560000
-15.317000
-15.186000
-14.955000
-14.860000
-14.705000
-14.569000
-14.274000
-13.865000
-13.763000
-13.442000
-13.264000
-13.210000
-12.859000
-12.551000
-12.193000
-11.908000
-11.336000
-10.683000
-10.300000
-9.859000
-9.365000
-8.624000
-7.944000
-7.422000
-6.917000
-6.402000
-5.986000
-5.569000
-5.195000
-4.294000
-3.265000
-2.699000
-1.727000
-1.199000
-0.446000
-0.042000
0.472000
1.129000
2.067000
2.648000
3.181000
3.780000
4.057000
4.155000
4.226000
4.833000
5.967000
7.119000
8.569000
9.483000
10.447000
11.410000
12.224000
12.775000
13.685000
14.504000
15.573000
16.392000
17.014000
17.582000
18.524000
19.302000
20.268000
20.830000
21.230000
21.633000
22.028000
22.554000
23.473000
24.359000
24.940000
24.375000
22.956000
22.294000
23.296000
24.282000
24.058000
23.925000
23.978000
24.620000
26.065000
26.779000
27.707000
28.225000
30.019000
31.261000
32.149000
33.152000
33.662000
33.494000
32.939000
33.448000
33.438000
33.944000
34.203000
34.962000
30.742000
30.180000
31.881000
32.287000
31.710000
30.104000
28.745000
31.550000
34.981000
36.026000
34.105000
32.582000
33.890000
33.534000
35.961000
36.740000
37.038000
37.006000
38.346000
39.766000
41.229000
42.376000
43.613000
42.739000
41.574000
44.200000
46.303000
44.905000
45.582000
44.930000
43.580000
40.602000
37.885000
40.155000
37.555000
35.046000
37.785000
37.169000
36.399000
36.604000
32.116000
31.735000
35.495000
38.779000
40.032000
39.623000
34.290000
29.727000
24.015000
24.452000
26.034000
25.922000
29.468000
30.252000
29.550000
28.632000
39.210000
39.003000
41.326000
46.355000
47.689000
47.304000
46.797000
45.415000
45.981000
44.727000
43.889000
43.285000
35.928000
35.193000
38.831000
40.054000
38.122000
38.973000
37.476000
34.824000
31.419000
26.078000
28.132000
34.738000
39.936000
43.983000
45.565000
43.387000
48.392000
46.502000
47.740000
52.886000
56.402000
55.642000
56.680000
53.423000
53.218000
50.645000
37.106000
17.727000
12.583000
26.578000
19.570000
2.713000
-0.172000
-2.819000
-0.157000
8.363000
26.232000
31.389000
33.511000
3.421000
-18.638000
-23.317000
-15.071000
-5.920000
2.517000
14.627000
23.772000
27.098000
33.467000
34.304000
28.217000
22.608000
27.629000
21.599000
23.795000
20.969000
17.362000
13.681000
7.398000
4.320000
7.845000
12.759000
8.346000
19.172000
17.244000
-21.009000
-43.221000
-44.210000
-37.780000
-28.482000
-17.172000
-12.969000
-15.007000
-16.318000
-18.702000
-26.366000
-28.760000
-25.441000
-17.190000
-10.076000
-6.485000
-4.601000
-2.960000
-1.318000
-0.183000
0.321000
0.554000
0.083000
-0.799000
-1.018000
-1.113000
-0.745000
-0.167000
0.935000
2.912000
4.951000
6.548000
7.018000
7.361000
6.968000
6.199000
5.282000
4.709000
4.283000
4.489000
3.780000
3.747000
3.709000
3.786000
3.908000
3.903000
3.465000
3.507000
3.461000
3.676000
3.220000
2.102000
0.910000
-0.027000
-0.336000
-0.998000
-2.161000
-3.379000
-4.279000
-4.537000
-4.879000
-4.670000
-4.486000
-4.475000
-4.270000
-4.545000
-4.626000
-5.056000
-5.571000
-5.783000
-6.444000
-7.092000
-7.614000
-8.156000
-8.765000
-9.308000
-9.945000
-10.302000
-10.659000
-10.802000
-10.771000
-11.052000
-11.311000
-11.841000
-12.316000
-12.702000
-12.989000
-13.224000
-13.488000
-13.854000
-13.882000
-13.994000
-14.290000
-14.574000
-15.241000
-15.783000
-16.191000
-16.453000
-16.505000
-16.739000
-16.583000
-16.720000
-16.633000
-16.631000
-16.840000
-16.877000
-17.064000
-17.004000
-17.005000
-17.255000
-17.247000
-17.333000
-17.285000
-17.190000
-17.280000
-17.666000
-17.936000
-18.115000
-18.191000
-18.226000
-18.229000
-18.279000
-18.054000
-18.155000
-18.078000
-18.068000
-17.769000
-17.613000
-17.124000
-16.754000
-16.751000
-16.641000
-16.460000
-16.426000
-16.021000
-15.718000
-15.672000
-15.466000
-15.161000
-15.188000
-15.036000
-14.642000
-14.624000
-14.317000
-14.065000
-13.641000
-13.551000
-13.345000
-13.139000
-13.002000
-12.724000
-12.188000
-12.119000
-11.578000
-11.155000
-10.861000
-10.715000
-10.123000
-9.455000
-8.647000
-8.277000
-7.922000
-7.345000
-6.819000
-6.433000
-5.711000
-5.065000
-4.430000
-3.547000
-2.908000
-2.160000
-1.999000
-1.415000
-0.469000
0.054000
1.301000
2.792000
3.440000
4.161000
4.790000
4.967000
5.522000
6.225000
7.029000
7.565000
8.169000
9.232000
9.655000
10.662000
12.064000
13.122000
14.221000
14.596000
14.245000
13.900000
14.220000
14.856000
15.976000
17.039000
18.549000
20.007000
21.347000
22.501000
22.982000
23.775000
24.520000
25.457000
26.451000
27.224000
26.503000
25.831000
26.515000
26.908000
28.493000
30.097000
30.567000
31.243000
32.059000
32.613000
33.617000
34.268000
33.805000
33.314000
33.492000
34.120000
33.607000
34.314000
34.931000
32.998000
31.896000
32.489000
32.680000
32.295000
32.449000
33.454000
34.253000
32.550000
31.517000
29.446000
27.926000
26.895000
25.280000
24.594000
23.351000
22.951000
22.883000
21.488000
15.500000
11.684000
13.324000
14.800000
14.324000
13.945000
12.976000
12.575000
12.347000
11.591000
15.642000
24.444000
28.869000
31.366000
29.043000
23.598000
20.099000
18.274000
17.937000
17.717000
21.765000
27.504000
31.535000
31.827000
31.088000
24.921000
25.926000
27.104000
24.751000
29.396000
33.679000
41.571000
46.931000
48.892000
51.416000
50.433000
48.344000
49.321000
51.450000
51.214000
51.176000
53.098000
55.519000
57.271000
57.622000
59.418000
57.188000
53.435000
53.858000
52.268000
52.147000
42.970000
34.801000
36.341000
40.319000
32.142000
34.451000
35.988000
36.127000
44.867000
53.499000
50.551000
49.998000
44.582000
38.445000
42.555000
43.609000
48.202000
48.659000
46.694000
28.025000
30.368000
33.496000
40.406000
40.778000
28.692000
28.735000
32.572000
33.551000
25.982000
19.834000
-1.455000
-21.004000
-28.073000
-27.936000
-22.841000
-14.130000
-21.712000
-22.983000
-7.818000
-9.198000
0.792000
5.560000
6.933000
11.820000
16.341000
24.362000
22.742000
21.501000
23.008000
20.573000
16.675000
15.738000
17.991000
16.368000
15.897000
18.663000
0.667000
-13.430000
-20.874000
-33.234000
-30.674000
-27.835000
-25.275000
-24.254000
-13.412000
1.899000
10.675000
12.076000
9.977000
9.020000
11.310000
15.092000
19.191000
20.468000
20.408000
19.532000
19.753000
18.253000
16.085000
17.038000
19.039000
21.627000
22.959000
23.209000
22.132000
20.766000
21.408000
23.231000
22.219000
19.965000
16.144000
15.687000
16.877000
17.403000
14.941000
9.868000
5.274000
2.052000
-1.307000
-5.453000
-12.436000
-15.658000
-14.992000
-13.241000
-11.943000
-10.752000
-9.694000
-10.019000
-9.208000
-7.880000
-6.438000
-5.571000
-5.257000
-5.241000
-4.927000
-4.237000
-2.572000
-1.404000
-0.781000
-0.692000
-0.814000
-1.475000
-2.308000
-3.100000
-3.696000
-3.609000
-3.763000
-3.832000
-4.277000
-4.474000
-4.835000
-4.876000
-4.888000
-5.112000
-5.463000
-5.644000
-5.835000
-6.216000
-6.516000
-6.935000
-7.576000
-8.154000
-8.917000
-9.431000
-9.814000
-10.391000
-10.727000
-11.137000
-11.116000
-11.120000
-11.163000
-11.384000
-11.662000
-11.768000
-12.078000
-12.272000
-12.677000
-12.901000
-13.113000
-13.456000
-14.078000
-14.376000
-14.761000
-15.097000
-15.289000
-15.229000
-15.059000
-15.054000
-15.258000
-15.313000
-15.609000
-15.782000
-15.969000
-16.426000
-17.026000
-17.530000
-18.115000
-18.618000
-18.671000
-18.733000
-18.604000
-18.422000
-18.637000
-18.878000
-18.981000
-18.860000
-18.415000
-18.214000
-17.970000
-17.908000
-17.758000
-17.558000
-17.707000
-17.822000
-17.743000
-17.710000
-17.889000
-17.801000
-17.473000
-17.199000
-16.847000
-16.632000
-16.130000
-15.657000
-15.387000
-15.477000
-15.586000
-15.716000
-15.567000
-15.434000
-15.066000
-14.569000
-14.233000
-13.912000
-13.605000
-13.276000
-12.915000
-12.719000
-12.229000
-11.755000
-11.421000
-11.149000
-10.931000
-10.632000
-9.967000
-9.271000
-8.438000
-7.758000
-7.051000
-6.651000
-6.130000
-5.701000
-5.143000
-4.273000
-3.643000
-2.977000
-2.190000
-1.579000
-0.891000
-0.197000
0.425000
1.090000
1.717000
2.656000
3.589000
4.416000
5.410000
6.363000
7.250000
7.866000
8.623000
9.784000
10.005000
10.246000
10.302000
11.020000
11.880000
12.487000
13.192000
14.618000
15.827000
16.872000
18.136000
18.793000
19.415000
20.314000
21.559000
22.204000
22.655000
23.955000
24.732000
25.580000
26.238000
26.819000
27.168000
27.380000
27.960000
27.429000
27.681000
28.098000
28.252000
28.343000
27.238000
26.028000
27.029000
29.672000
31.320000
32.656000
33.594000
34.167000
33.606000
32.260000
32.092000
32.558000
33.639000
33.900000
34.690000
33.482000
31.177000
27.618000
24.901000
24.133000
23.280000
23.868000
23.447000
29.854000
32.375000
32.026000
31.843000
31.689000
31.677000
30.988000
28.339000
26.367000
24.985000
20.661000
24.922000
20.951000
26.579000
31.326000
30.956000
29.064000
30.656000
31.522000
27.441000
31.642000
32.992000
31.681000
28.662000
27.060000
26.491000
21.498000
24.040000
22.869000
11.932000
19.788000
12.673000
20.381000
23.385000
18.074000
15.335000
9.848000
12.772000
19.459000
20.660000
16.824000
11.652000
11.966000
10.723000
13.385000
10.964000
17.468000
18.753000
23.803000
16.676000
3.133000
6.580000
15.826000
14.901000
16.610000
6.119000
6.797000
19.383000
31.898000
37.206000
41.699000
44.633000
44.922000
44.769000
44.734000
44.246000
43.458000
44.505000
41.034000
43.414000
48.306000
46.395000
43.869000
44.320000
49.242000
47.577000
43.295000
44.662000
36.097000
28.179000
21.056000
17.216000
19.247000
23.632000
24.701000
27.903000
34.694000
30.290000
34.026000
37.342000
37.056000
29.164000
22.372000
23.439000
12.852000
-0.155000
14.603000
35.114000
36.681000
25.488000
16.239000
9.480000
20.817000
30.059000
11.121000
-9.769000
-12.082000
-13.891000
-17.600000
-15.054000
-11.878000
-15.179000
-16.104000
-15.189000
-15.391000
-9.910000
-4.338000
0.138000
2.951000
1.844000
0.894000
2.388000
4.504000
6.145000
10.345000
14.669000
14.381000
12.539000
12.393000
12.390000
12.364000
12.524000
12.993000
14.061000
14.542000
15.203000
15.941000
15.659000
13.965000
10.800000
7.383000
4.388000
4.286000
5.348000
5.182000
4.980000
5.029000
6.263000
6.429000
6.473000
7.714000
9.329000
11.097000
12.153000
12.457000
12.151000
11.786000
11.879000
11.812000
11.808000
11.325000
11.416000
11.413000
11.316000
11.287000
10.968000
10.912000
10.613000
10.219000
9.242000
8.392000
7.819000
7.067000
6.970000
6.500000
5.976000
5.674000
5.025000
4.675000
3.966000
3.273000
3.022000
2.673000
2.090000
1.714000
1.541000
0.795000
0.273000
-0.037000
-0.229000
-0.999000
-1.628000
-2.290000
-3.000000
-3.495000
-4.026000
-4.556000
-5.026000
-5.424000
-5.511000
-6.025000
-6.558000
-7.044000
-7.480000
-8.073000
-8.641000
-9.307000
-9.963000
-10.654000
-11.093000
-11.384000
-11.903000
-12.375000
-12.678000
-13.047000
-13.634000
-14.158000
-14.729000
-15.280000
-15.489000
-15.800000
-15.822000
-15.979000
-16.109000
-16.429000
-16.658000
-16.836000
-16.912000
-16.710000
-16.427000
-16.603000
-16.935000
-17.061000
-17.293000
-17.466000
-17.463000
-17.779000
-18.217000
-18.507000
-18.531000
-18.277000
-18.320000
-18.333000
-18.140000
-18.100000
-18.047000
-18.214000
-18.357000
-18.061000
-17.878000
-17.778000
-17.582000
-17.644000
-17.433000
-17.415000
-17.901000
-17.551000
-17.644000
-17.695000
-17.546000
-17.239000
-16.961000
-16.727000
-16.522000
-16.259000
-15.985000
-15.938000
-15.786000
-15.541000
-15.383000
-15.113000
-14.718000
-14.273000
-13.913000
-13.878000
-13.448000
-13.462000
-13.042000
-12.388000
-11.856000
-11.271000
-10.809000
-10.278000
-9.932000
-9.361000
-9.319000
-8.577000
-7.890000
-7.294000
-6.597000
-5.866000
-5.504000
-4.762000
-4.032000
-3.331000
-2.880000
-2.095000
-1.323000
-0.707000
-0.109000
0.482000
1.118000
1.840000
2.695000
3.247000
3.797000
4.518000
5.213000
5.742000
6.445000
7.181000
7.944000
8.814000
9.669000
10.707000
11.343000
11.633000
11.880000
12.770000
14.042000
15.101000
16.552000
17.657000
18.443000
19.114000
19.885000
20.075000
20.812000
21.117000
21.530000
22.376000
23.777000
25.599000
26.964000
27.189000
26.935000
26.292000
25.837000
26.481000
27.762000
28.540000
28.129000
28.811000
29.629000
30.503000
31.746000
32.255000
33.044000
33.559000
34.465000
34.660000
34.776000
34.516000
34.717000
36.201000
37.696000
38.825000
38.621000
38.473000
38.763000
40.559000
39.915000
39.443000
39.751000
39.265000
37.706000
37.665000
36.360000
34.865000
36.503000
35.439000
32.216000
28.901000
30.487000
31.725000
32.086000
35.424000
37.928000
38.501000
40.053000
40.095000
38.990000
38.008000
39.268000
35.931000
29.141000
25.955000
27.848000
27.861000
30.015000
30.975000
28.726000
29.107000
28.854000
29.713000
26.749000
27.705000
26.648000
30.710000
30.159000
32.538000
26.749000
26.449000
25.242000
23.980000
33.210000
37.209000
36.958000
36.839000
31.647000
29.051000
28.451000
30.956000
6.647000
11.904000
22.824000
23.415000
26.552000
40.299000
47.191000
21.913000
-1.409000
-12.792000
-9.638000
-14.860000
-23.111000
-18.401000
-14.158000
-18.778000
-20.200000
-10.678000
-11.337000
-5.082000
-0.075000
-4.086000
-7.844000
-16.688000
-18.170000
-10.603000
-3.854000
0.060000
4.552000
7.991000
10.641000
14.415000
17.353000
19.023000
20.416000
21.179000
20.887000
20.192000
20.953000
22.144000
23.483000
25.688000
27.926000
29.526000
31.740000
33.625000
36.037000
37.256000
38.489000
40.162000
40.834000
40.957000
42.356000
43.443000
45.218000
46.559000
46.137000
46.139000
46.973000
48.465000
49.209000
51.817000
55.383000
56.938000
55.903000
54.358000
57.582000
58.623000
57.688000
56.028000
55.363000
55.811000
54.012000
51.750000
51.703000
51.265000
51.315000
52.508000
52.865000
53.559000
52.651000
54.383000
54.240000
55.876000
55.758000
57.988000
57.773000
58.533000
57.544000
56.170000
52.572000
47.962000
47.442000
46.246000
41.924000
37.674000
29.662000
24.108000
19.762000
14.869000
17.361000
20.193000
26.494000
28.255000
21.547000
17.875000
15.692000
12.319000
11.993000
14.901000
17.426000
17.354000
16.365000
17.267000
16.059000
13.181000
9.609000
6.243000
2.540000
-1.517000
-5.176000
-5.463000
-6.153000
-9.421000
-10.905000
-8.792000
-7.327000
-6.555000
-6.130000
-6.708000
-7.830000
-8.778000
-9.947000
-11.065000
-11.804000
-12.051000
-11.842000
-10.916000
-10.141000
-9.780000
-9.708000
-9.862000
-9.804000
-9.920000
-9.773000
-9.735000
-10.122000
-10.557000
-10.888000
-11.058000
-11.283000
-11.622000
-12.326000
-13.063000
-13.170000
-13.375000
-13.348000
-13.589000
-13.942000
-14.178000
-14.414000
-14.280000
-14.181000
-14.537000
-14.613000
-14.838000
-14.945000
-15.027000
-15.161000
-15.530000
-15.922000
-16.466000
-16.619000
-17.065000
-17.467000
-17.654000
-17.815000
-17.822000
-18.214000
-18.160000
-18.116000
-17.940000
-17.906000
-18.040000
-18.337000
-18.689000
-18.861000
-19.227000
-19.241000
-19.599000
-19.648000
-19.659000
-19.682000
-19.734000
-19.475000
-19.248000
-18.846000
-18.452000
-18.201000
-17.829000
-17.788000
-17.777000
-17.817000
-17.745000
-18.095000
-18.053000
-18.132000
-18.080000
-17.887000
-18.079000
-18.130000
-18.083000
-18.055000
-17.908000
-17.581000
-17.381000
-16.969000
-16.666000
-16.631000
-16.657000
-16.551000
-16.557000
-16.417000
-16.105000
-15.637000
-14.891000
-14.210000
-13.630000
-13.462000
-13.215000
-12.860000
-12.502000
-11.864000
-11.384000
-10.844000
-10.283000
-9.893000
-9.520000
-9.108000
-8.621000
-8.104000
-7.586000
-7.004000
-6.623000
-5.763000
-5.071000
-4.465000
-3.928000
-3.167000
-2.418000
-1.511000
-0.792000
-0.298000
0.353000
0.817000
1.568000
2.175000
2.817000
3.684000
4.264000
4.742000
5.520000
6.294000
7.271000
8.116000
9.094000
10.005000
10.394000
11.102000
12.073000
12.983000
14.034000
14.901000
14.959000
14.996000
15.816000
17.517000
19.680000
21.051000
22.025000
22.755000
23.729000
24.869000
25.903000
26.518000
27.452000
28.145000
29.052000
29.816000
30.070000
29.953000
29.721000
29.983000
30.776000
31.327000
32.041000
32.928000
33.909000
34.152000
34.884000
35.851000
36.710000
37.131000
38.351000
38.307000
38.066000
38.578000
37.285000
36.067000
35.099000
34.405000
33.956000
33.718000
33.316000
35.036000
33.857000
33.982000
32.699000
32.432000
33.595000
35.804000
36.895000
36.473000
32.196000
30.031000
32.685000
34.391000
30.401000
28.306000
28.508000
33.478000
36.400000
35.020000
37.068000
34.166000
33.006000
26.412000
29.511000
27.937000
28.931000
26.238000
28.502000
27.920000
22.924000
21.826000
21.456000
21.648000
24.604000
27.089000
24.585000
21.953000
19.866000
23.092000
26.979000
25.872000
24.342000
26.395000
28.182000
31.498000
35.021000
32.489000
33.457000
39.822000
42.131000
44.382000
50.118000
50.477000
54.172000
51.518000
44.774000
46.101000
43.507000
50.909000
49.420000
43.894000
43.746000
44.956000
33.960000
43.326000
48.299000
37.095000
39.642000
45.828000
37.164000
29.213000
30.096000
43.761000
29.460000
26.883000
34.764000
34.858000
32.492000
35.228000
35.775000
34.931000
43.226000
44.413000
36.001000
33.439000
30.460000
18.181000
9.359000
12.413000
23.963000
16.895000
12.499000
21.111000
24.241000
26.996000
37.559000
33.526000
39.737000
45.038000
37.313000
18.934000
6.164000
-4.856000
1.086000
8.399000
9.113000
18.868000
14.370000
29.582000
32.188000
30.368000
35.178000
32.352000
32.937000
32.993000
31.845000
30.719000
29.559000
28.376000
28.149000
28.769000
29.391000
27.370000
26.481000
22.258000
25.248000
27.696000
24.033000
18.576000
20.292000
22.384000
24.889000
27.084000
25.971000
24.342000
25.058000
26.692000
27.122000
26.855000
26.126000
23.579000
11.525000
11.579000
5.530000
-8.674000
-21.032000
-12.461000
-4.202000
-4.633000
3.157000
7.835000
2.781000
5.751000
7.386000
7.769000
9.455000
9.380000
7.461000
3.795000
1.762000
1.802000
4.223000
5.998000
5.996000
4.935000
4.154000
4.058000
4.594000
5.868000
6.768000
6.806000
6.375000
5.718000
4.994000
3.913000
2.807000
1.440000
0.138000
-1.285000
-2.322000
-2.498000
-1.543000
-0.547000
-0.107000
0.128000
-0.596000
-1.797000
-3.162000
-4.373000
-5.118000
-5.918000
-6.639000
-7.288000
-7.758000
-8.181000
-8.643000
-8.969000
-9.454000
-10.012000
-10.616000
-10.968000
-11.213000
-11.497000
-12.024000
-12.648000
-13.104000
-13.515000
-14.177000
-14.722000
-15.432000
-15.828000
-15.983000
-16.357000
-16.727000
-17.275000
-17.553000
-17.883000
-18.111000
-18.432000
-18.738000
-18.854000
-18.853000
-18.933000
-18.885000
-19.004000
-18.978000
-19.048000
-19.147000
-18.942000
-19.064000
-19.106000
-19.389000
-19.602000
-19.526000
-19.413000
-19.419000
-19.447000
-19.453000
-19.554000
-19.707000
-19.670000
-19.549000
-19.621000
-19.296000
-19.114000
-18.788000
-18.556000
-18.283000
-18.132000
-17.879000
-18.020000
-17.876000
-17.976000
-17.799000
-17.391000
-17.439000
-17.201000
-16.946000
-16.633000
-16.837000
-16.456000
-16.273000
-15.987000
-15.910000
-15.662000
-15.531000
-15.254000
-15.210000
-15.129000
-15.127000
-15.110000
-14.793000
-14.646000
-14.269000
-14.062000
-13.652000
-13.301000
-12.689000
-12.306000
-12.073000
-11.933000
-11.561000
-11.339000
-10.908000
-10.440000
-10.090000
-9.440000
-9.059000
-8.470000
-7.962000
-7.135000
-6.313000
-5.740000
-4.942000
-4.348000
-3.689000
-3.034000
-2.347000
-1.576000
-1.018000
-0.260000
0.312000
0.951000
1.528000
2.147000
2.321000
2.661000
3.270000
4.076000
5.114000
5.937000
6.941000
7.779000
8.603000
9.490000
9.886000
10.687000
11.770000
12.992000
13.654000
14.520000
15.128000
14.638000
13.747000
13.389000
13.802000
14.645000
15.632000
16.204000
17.266000
19.003000
20.241000
20.899000
21.505000
22.327000
23.564000
24.774000
26.092000
27.242000
27.968000
28.394000
28.105000
28.175000
29.224000
30.858000
31.602000
32.123000
33.019000
33.476000
34.094000
35.353000
36.170000
36.046000
35.868000
34.080000
32.788000
32.039000
30.609000
30.478000
30.942000
32.321000
32.996000
34.435000
35.371000
36.632000
37.913000
38.825000
39.115000
38.701000
35.894000
33.058000
34.465000
31.776000
30.776000
29.367000
28.329000
30.600000
31.936000
29.850000
31.279000
36.712000
36.389000
34.216000
36.459000
35.466000
34.495000
35.395000
35.418000
35.961000
36.447000
34.505000
33.573000
36.204000
37.601000
34.223000
32.234000
34.772000
34.130000
33.614000
32.102000
35.455000
35.085000
36.803000
34.690000
34.497000
33.183000
38.398000
41.263000
39.221000
33.230000
39.581000
43.088000
34.305000
17.721000
23.077000
35.805000
43.686000
25.736000
13.872000
22.693000
32.033000
35.038000
32.192000
36.049000
39.436000
31.485000
23.307000
19.322000
27.974000
36.943000
38.045000
34.017000
