-0.360503
-0.115875
-0.116818
-0.134280
-0.186751
-0.130079
-0.182252
-0.025328
0.008786
-0.091331
-0.213323
-0.172024
-0.174275
-0.205894
-0.147421
-0.121914
-0.272145
-0.271184
-0.234137
-0.351709
-0.269408
-0.324291
-0.366194
-0.387383
-0.204030
-0.241880
0.027853
-0.050769
-0.139513
0.012493
-0.204952
-0.378715
-0.275335
-0.252508
-0.131769
-0.122895
-0.118661
-0.114766
-0.180747
-0.046025
-0.085611
-0.291110
-0.295809
-0.372949
-0.213632
-0.303641
-0.258343
-0.284939
-0.207433
-0.115796
-0.161986
-0.322112
-0.354298
-0.386483
-0.072473
-0.160326
-0.156560
-0.187669
-0.182887
-0.260393
-0.212034
-0.292089
-0.321911
-0.250954
-0.310996
0.069936
-0.089967
-0.127842
-0.259836
0.433001
0.373378
0.293037
0.717069
0.542285
-0.201795
0.937141
0.093055
-0.213768
-0.345604
-0.110689
0.104096
-0.241718
-0.055870
0.894620
0.893236
0.900438
0.988975
0.961212
0.980073
-0.070756
0.974264
0.999937
0.996078
-0.047626
0.955209
-0.005354
-0.185605
-0.071238
0.093740
0.615782
0.813672
-0.094933
-0.020570
-0.124592
0.349632
0.627081
0.878680
0.362614
0.303153
0.434967
0.511009
0.686482
0.931171
0.912539
0.915836
-0.053741
-0.079929
0.397141
0.307172
0.089335
-0.029930
-0.058411
-0.223639
-0.080658
-0.186134
-0.019509
0.097046
-0.222368
-0.377074
-0.168126
0.518785
0.673948
0.114268
-0.048831
-0.270569
-0.151167
-0.277552
-0.020839
0.043168
0.040114
0.354049
-0.504244
-0.274458
0.959144
0.879051
0.130720
0.015087
-0.399280
0.985045
0.986514
0.989263
0.957189
-0.412483
0.689366
0.221441
0.916907
-0.590999
0.650074
0.478628
0.848531
0.967086
0.995158
0.506721
0.976239
0.977824
0.465703
0.961763
0.425345
0.003837
0.689169
-0.174869
0.722269
-0.130129
0.438810
-0.048561
0.380491
0.739643
0.793026
0.538329
0.295859
0.097913
-0.180113
-0.058655
-0.057723
0.273059
0.014517
-0.096097
0.275268
0.257781
0.117099
-0.240671
0.085160
0.954434
0.988747
-0.197283
0.133575
0.204771
0.322279
0.463443
0.075511
0.133908
0.161997
0.619385
-0.597745
-0.437201
0.907743
0.365901
-0.987656
-0.733982
0.186071
0.226482
0.079283
0.179005
0.079361
0.284976
0.244969
-0.821868
0.252303
0.041047
0.791587
-0.111176
-0.427828
-0.175178
-0.573474
-0.212713
-0.043916
0.528149
-0.302436
-0.271082
-0.250595
-0.285905
-0.204853
-0.998476
-0.313506
0.037408
-0.334174
0.101862
-0.329361
-0.065172
-0.338070
0.028006
-0.349793
-0.309652
0.100350
-0.322575
-0.414053
0.228170
0.491802
0.807033
0.941438
0.903653
0.074830
0.283042
-0.014823
0.209957
0.559078
0.919020
0.179142
0.679527
0.638083
0.129697
0.979620
0.258595
0.185814
0.104922
0.630398
0.658532
0.385728
0.056949
-0.188646
-0.267391
0.068912
0.197695
0.387503
0.272474
0.345591
0.323749
0.253673
-0.251908
-0.450637
-0.090090
0.052746
-0.395117
-0.353166
-0.168362
-0.204260
-0.232265
-0.313744
-0.241752
-0.212980
-0.371735
-0.287210
-0.001693
0.002817
-0.091646
-0.310259
-0.191938
-0.212019
-0.451865
-0.520219
0.159776
0.166514
-0.131485
-0.209658
-0.298746
-0.037703
0.100950
-0.281677
-0.339490
-0.365548
0.498790
0.494203
-0.038859
-0.174744
-0.316111
-0.335147
-0.351301
-0.180693
-0.321404
-0.105664
-0.153357
-0.440829
-0.382950
0.042068
-0.302312
0.003718
-0.149701
-0.037583
-0.252458
-0.201798
-0.220592
-0.121761
-0.111166
0.056695
0.166600
0.056161
0.547364
0.532182
0.317701
0.046414
-0.004676
0.329552
-0.031915
0.038694
0.017444
0.090076
-0.140030
-0.149238
-0.125180
0.158849
-0.018854
-0.025902
-0.292614
-0.208662
-0.232603
-0.262160
-0.534607
-0.435500
-0.360707
-0.072056
-0.087240
0.066345
-0.147774
-0.025286
0.051748
-0.030857
-0.076237
-0.072979
0.561437
0.254059
0.116061
0.135557
0.142820
0.602349
0.137204
-0.129030
-0.198458
-0.358027
-0.044504
-0.217327
-0.279519
0.400992
0.031944
0.013957
-0.060779
-0.175959
-0.055192
0.194215
0.105948
-0.148928
0.901242
0.999687
0.998843
-0.253858
-0.081685
-0.316075
-0.311462
-0.332733
-0.166663
0.501643
0.879350
0.827362
0.602606
0.653753
0.405293
0.709174
0.273867
0.210287
0.252759
-0.131942
-0.188643
0.122071
0.382140
0.137610
-0.010669
-0.051356
0.203772
-0.175663
-0.207846
-0.251537
-0.129140
-0.205712
0.001178
0.022817
-0.190173
0.020967
0.076493
0.116789
-0.098384
0.120087
0.261732
0.106624
0.178301
-0.047324
0.149585
0.355525
0.632913
0.257043
0.436849
0.986201
0.568176
0.934734
0.112884
-0.021183
0.354948
0.568072
0.633218
-0.222123
-0.355179
-0.573968
0.326305
0.456870
0.377831
0.701982
-0.348610
-0.391860
-0.121945
-0.129401
-0.068861
0.598825
0.528161
0.009133
0.292460
-0.694090
0.259415
0.205576
0.130148
0.153189
-0.287992
-0.421230
-0.098423
0.283482
0.536720
0.853904
0.842443
0.732991
0.849094
0.897253
-0.232590
0.439194
-0.093894
-0.051284
0.195350
-0.005942
-0.127049
-0.294479
-0.059986
0.282597
-0.209215
0.158922
-0.420243
-0.229754
-0.208102
-0.036144
-0.001381
-0.332179
-0.240126
-0.222622
0.148836
-0.120046
0.004985
-0.251276
-0.040202
-0.221822
0.040114
0.737657
-0.021683
0.398910
0.971016
0.919919
-0.028121
-0.098155
0.083603
0.874870
0.865589
0.989263
0.957189
-0.174246
0.135753
0.020221
0.988517
0.141458
-0.373758
0.114841
0.941573
-0.201794
0.930610
0.949326
0.976239
0.980398
-0.122959
0.971302
-0.120062
0.315273
0.689169
-0.174869
0.722269
0.022116
0.438810
-0.604513
0.954601
-0.147651
-0.197896
0.538329
0.295859
-0.056791
-0.108214
0.241211
-0.057723
0.887948
0.895928
0.019067
0.275268
0.756827
-0.122539
-0.239040
-0.250938
-0.296255
0.988747
-0.197283
-0.133071
0.800733
0.181344
0.440039
-0.056618
-0.003719
0.062968
-0.429938
-0.366848
-0.254904
-0.143114
0.063180
-0.431495
0.218996
-0.468491
0.778246
0.202737
0.190662
-0.204480
-0.037710
-0.310293
-0.321187
-0.144062
-0.207212
0.180446
-0.253987
0.294566
0.013209
-0.271364
0.355480
0.159957
0.528149
0.135651
0.175472
0.483047
0.542596
-0.868138
0.322603
-0.341370
-0.305261
-0.324746
0.919910
-0.267515
-0.412305
0.885151
-0.075385
-0.101888
0.932827
0.960703
0.917301
0.162392
-0.116265
0.062179
0.186994
0.188275
0.347931
0.028701
-0.026362
-0.170255
-0.234368
-0.370244
0.124855
0.319553
-0.025504
-0.257465
-0.129614
-0.093975
-0.018026
-0.099114
-0.007630
0.082805
0.057916
0.284888
0.266460
0.139621
0.132714
0.018362
0.436217
0.440107
0.272380
-0.072006
0.191458
0.188750
-0.222557
-0.230830
-0.112137
-0.007247
0.244633
0.313161
0.185940
0.111231
-0.015160
0.111643
-0.203243
-0.206608
0.118896
0.879349
0.908532
-0.274392
-0.193818
0.033652
0.431710
0.401517
-0.329205
-0.206116
-0.169799
-0.226002
-0.225962
-0.239495
-0.044367
0.180242
0.188858
0.399506
0.323702
0.275150
-0.029619
-0.048223
-0.305215
-0.143207
-0.108360
-0.143021
-0.271736
-0.205446
0.149914
-0.388774
-0.437430
-0.193190
-0.161973
-0.035350
-0.275165
-0.208743
-0.069422
0.090578
-0.339929
-0.146151
-0.047449
-0.181762
0.206180
-0.039769
0.115579
-0.111848
0.109637
0.058004
-0.078807
-0.113374
-0.293437
-0.060869
0.070064
-0.108931
-0.456606
-0.394975
-0.473362
0.225904
0.020195
0.060436
0.066927
-0.024855
0.809773
-0.280912
-0.197773
-0.221236
-0.174058
0.186502
0.058633
0.007615
0.000798
-0.182617
-0.327908
-0.278570
-0.201573
-0.047683
-0.305239
-0.263529
-0.285829
-0.172622
-0.176522
-0.340939
-0.309639
-0.306662
-0.392015
-0.405671
-0.328030
-0.204176
-0.227132
-0.137661
-0.209950
-0.158028
-0.165095
-0.129133
-0.160010
-0.061462
-0.293221
-0.303117
-0.289978
-0.181917
0.373356
0.845808
-0.127018
-0.485919
-0.558817
-0.082318
-0.440678
-0.504858
-0.410029
-0.355367
-0.307123
-0.251905
-0.278465
-0.434044
-0.358531
-0.424025
-0.366514
-0.110160
-0.188425
-0.286109
-0.128625
0.070309
-0.137539
0.074323
-0.105604
-0.091650
-0.088337
-0.092167
-0.160351
-0.096530
-0.312094
-0.367728
-0.301507
-0.261002
-0.217114
-0.398759
-0.310059
-0.255816
-0.411054
0.869885
-0.093385
-0.148040
-0.299674
-0.078770
-0.223564
-0.146378
0.650624
0.811781
0.043481
0.071856
0.911142
0.882435
0.879407
0.917560
0.792763
0.164029
0.371873
0.034036
-0.110470
-0.028877
0.369100
0.547651
0.379003
0.369596
-0.120332
-0.167560
-0.357301
-0.247432
0.120842
0.137013
0.078088
-0.016152
-0.070323
-0.181076
-0.102528
0.260944
-0.120230
-0.004780
0.154951
0.746626
-0.262921
-0.098750
0.216874
0.260213
-0.232717
0.732991
0.953599
0.973817
0.981201
0.439194
-0.220494
-0.079929
0.413535
0.539571
0.303432
-0.132079
0.096402
0.098322
0.911390
-0.213032
0.229695
0.535840
0.171163
0.654629
0.777864
0.950251
0.939876
0.941364
0.223042
0.993574
0.748510
0.359676
0.253293
-0.047820
-0.231586
-0.137017
-0.139801
0.298919
0.415896
0.690128
0.130720
0.210992
-0.313294
0.832403
0.855847
0.989263
0.849723
0.775463
0.689366
0.221441
0.750989
0.141458
0.732005
0.114841
0.941573
0.864602
0.995158
0.018125
0.976239
0.903500
0.936603
0.971302
0.231834
0.003837
-0.145910
-0.179779
-0.306461
0.022116
0.950477
-0.604513
0.954601
0.742897
0.744358
0.122962
0.110024
-0.302767
-0.251061
0.101765
-0.999798
0.887948
0.763236
0.260328
0.133605
-0.212331
-0.443322
-0.240671
0.628934
0.949267
0.988747
-0.197283
0.098199
-0.229705
0.070814
0.084467
0.075511
0.133908
0.972850
0.619385
-0.597745
0.317140
0.999854
0.365901
-0.073144
0.177829
-0.392797
0.997405
0.014754
-0.088917
0.063660
-0.248640
-0.302394
-0.093184
0.228350
-0.285550
-0.173043
-0.167822
-0.232761
0.099294
-0.209577
-0.338516
-0.196320
0.092365
0.219761
0.154802
-0.301838
0.509370
-0.211248
-0.334678
-0.999011
-0.233188
-0.320952
-0.327240
-0.296869
-0.032537
0.963312
0.989107
0.999278
0.178247
0.263480
-0.233589
-0.231050
0.218547
0.942238
-0.115234
-0.101721
-0.055720
0.366615
0.076594
0.254915
0.308783
0.241635
0.211427
0.343654
-0.150093
-0.112287
-0.127817
0.074768
0.328366
0.089146
-0.102241
-0.213919
0.186388
0.143023
0.087638
0.132946
-0.279275
-0.292956
-0.291991
-0.237106
-0.182704
-0.052469
-0.004486
0.046179
0.108755
-0.236617
-0.146712
0.173736
0.004180
-0.222760
-0.043291
0.027131
-0.209322
-0.325358
-0.121587
-0.158278
-0.295235
0.121299
0.113496
0.157847
-0.019531
-0.459823
-0.435162
-0.145394
-0.041232
-0.190082
-0.236726
-0.162634
0.295408
0.064208
0.161113
-0.146406
-0.178453
-0.267064
-0.054640
-0.308445
-0.169264
-0.072828
-0.265744
-0.420037
-0.016208
-0.012794
-0.044695
0.106841
-0.000891
-0.180950
0.267289
-0.148504
-0.266288
-0.244532
0.031196
-0.326120
-0.176337
-0.011541
0.277400
-0.007061
-0.022489
-0.121945
-0.451413
-0.253066
-0.127227
-0.233111
-0.172553
0.560422
-0.173957
-0.099700
-0.275078
-0.288487
-0.478789
-0.479121
-0.161509
-0.181503
-0.185004
-0.030568
-0.096302
-0.094624
0.072951
0.103421
-0.111287
0.238379
0.182866
0.155655
-0.285037
-0.386646
-0.402520
-0.320229
-0.353325
0.376400
0.276646
-0.205631
0.574776
-0.007482
0.022876
-0.260888
-0.280779
-0.190854
0.292986
0.398839
0.043205
0.401417
-0.136315
0.075961
0.093699
-0.183562
0.219021
0.067658
0.157952
0.415801
0.311187
-0.100003
0.439232
-0.043289
0.133581
-0.283121
-0.058559
0.385340
0.490962
-0.474370
-0.208083
-0.189774
0.946841
-0.615915
-0.469587
-0.402270
-0.374231
-0.361852
-0.307835
-0.278746
-0.276286
-0.177473
-0.210862
-0.432939
-0.266358
-0.167406
0.780636
0.838172
-0.093573
-0.088112
0.815233
0.434728
-0.384008
-0.127544
-0.404814
-0.337184
-0.296352
-0.366223
-0.356735
-0.277992
-0.507893
-0.246227
-0.277344
-0.255847
-0.081306
-0.047807
-0.227487
-0.349726
-0.320003
-0.244170
-0.176722
0.070413
-0.089229
0.113669
0.251432
-0.312955
-0.412755
-0.107632
-0.282030
-0.188531
-0.313493
-0.217375
-0.244434
-0.215586
0.098548
-0.008534
0.428513
0.590808
0.499484
0.456870
0.377831
-0.341635
-0.230375
-0.179113
-0.113039
-0.181025
0.219951
0.081513
-0.260924
-0.169594
0.029192
0.070674
0.137115
-0.233510
-0.307451
0.175107
-0.195313
0.172320
-0.098423
0.174891
0.985891
0.965602
0.854701
0.790930
0.200951
-0.039165
-0.203850
0.009343
-0.029940
0.033320
-0.048978
-0.157461
-0.392830
-0.029930
-0.058411
0.161644
0.436509
0.922289
-0.019509
0.097046
0.983857
0.654629
0.145077
0.518785
0.673948
-0.048400
-0.232668
-0.160344
-0.200781
0.553145
0.557306
0.043168
0.527565
0.354049
0.937473
0.070404
0.978643
0.425218
-0.026990
0.014307
-0.387416
0.926249
0.945102
0.979110
0.957189
-0.113473
0.630482
0.221441
0.897208
0.350260
0.484841
-0.199215
0.941573
0.030446
-0.092955
0.023101
0.727109
0.875069
0.465703
0.919651
0.231834
0.252415
0.188781
-0.455729
0.722269
0.022116
0.438810
-0.351961
-0.475876
0.953076
0.490889
0.528281
0.882440
0.097913
-0.180113
0.529745
0.980563
0.999871
0.895928
0.019067
0.879750
0.914371
0.117099
-0.312541
-0.525863
0.954434
0.988747
-0.197283
-0.026472
-0.122839
-0.382450
0.440039
0.075511
-0.070671
-0.236713
0.619385
-0.597745
0.381356
0.999854
-0.115685
-0.217083
-0.310516
-0.331983
0.778246
0.014754
-0.557164
-0.252646
-0.616843
-0.568389
-0.408519
0.228350
-0.348866
0.791587
-0.142234
-0.087309
-0.480311
-0.294319
0.960590
0.085234
0.996308
0.954552
0.398997
0.087414
-0.356522
-0.293978
-0.271884
0.224770
-0.256835
0.310722
0.030205
0.902245
0.201223
0.158421
0.058391
0.829717
0.348840
0.456564
0.005576
0.275041
0.202456
0.290092
0.192586
0.155102
0.487785
0.127544
0.070360
0.071256
0.000927
0.804380
0.563310
0.270457
0.468624
0.760003
0.894921
0.256574
-0.060495
0.060295
-0.065478
0.305739
0.210424
0.184201
0.122990
-0.232545
-0.250341
-0.294140
-0.210362
0.013891
0.071871
-0.178192
0.112255
-0.166454
-0.263676
-0.163836
-0.043998
-0.024709
0.086295
-0.286381
0.066753
0.104086
0.174906
0.125207
-0.612079
-0.473394
-0.220609
-0.013512
-0.169474
-0.194148
-0.257623
-0.334412
-0.312093
-0.438689
-0.242652
-0.235783
0.963980
0.582411
0.084014
0.400882
0.176118
0.062344
0.050256
0.341833
0.147172
0.084555
-0.054692
0.152618
0.129891
0.262498
0.312074
0.028328
-0.114181
-0.090803
0.117091
-0.070549
-0.125063
-0.044420
-0.112063
-0.224815
-0.035815
-0.194263
-0.226551
-0.024525
0.116252
-0.009701
-0.163131
-0.167992
0.072753
-0.024237
0.178261
-0.246223
-0.152710
-0.084933
-0.227713
-0.315657
-0.616209
-0.194948
-0.368898
-0.358791
-0.371346
-0.293163
-0.203335
-0.371063
-0.309168
-0.141256
-0.304620
-0.298471
0.399173
0.851176
0.836975
0.257351
-0.207790
-0.231836
-0.153716
-0.377588
-0.109617
-0.214869
-0.211575
-0.330434
-0.385473
-0.248053
-0.260476
-0.248601
-0.228113
-0.144580
-0.174756
-0.304692
-0.100467
-0.146343
-0.118566
-0.145685
-0.139794
-0.262667
0.131878
0.333119
-0.216370
-0.092613
-0.135501
-0.418859
-0.437205
-0.305752
-0.284642
-0.191414
-0.358393
-0.256375
-0.184111
-0.300870
-0.296724
-0.382755
-0.351811
-0.369923
-0.150732
-0.096528
-0.111187
-0.057967
0.376714
0.160212
0.320196
0.264413
0.277935
0.084932
0.136062
-0.051855
-0.031420
0.163840
-0.099622
-0.021664
0.997726
0.226160
0.116803
0.023318
0.128755
0.793884
0.622526
0.046740
0.115488
-0.023033
-0.294335
-0.053933
-0.190173
-0.225400
-0.314623
-0.322923
-0.227216
-0.238895
-0.225971
-0.109259
-0.286962
-0.377620
-0.367325
-0.313097
-0.361391
-0.350421
-0.370002
-0.300343
0.823702
-0.218102
0.180787
0.319428
0.855469
-0.256360
-0.094524
-0.100508
-0.144079
-0.048670
-0.301266
-0.301167
-0.238530
-0.191226
-0.184815
-0.168477
-0.280123
-0.239673
-0.294559
-0.143876
-0.292077
0.040092
0.088746
-0.022283
-0.231018
0.071690
-0.107708
-0.313784
-0.353575
-0.335272
-0.215119
-0.260763
-0.042472
-0.086113
0.603918
0.120042
-0.196331
-0.038031
0.413363
0.267969
-0.107683
-0.207154
-0.163186
0.010037
-0.079530
-0.231248
-0.058411
0.282597
0.761515
0.158922
-0.019509
0.327245
0.319865
0.775326
0.200075
-0.123184
0.107677
0.113940
0.223042
0.771488
0.792947
0.874030
0.864630
0.647921
0.605581
0.280267
0.599998
0.124326
0.978643
0.690128
0.877669
0.834246
-0.313294
0.985045
0.926756
0.878488
0.957189
-0.412483
0.689366
0.221441
0.988517
0.141458
0.858108
0.114841
0.941573
0.997566
0.996909
0.506721
0.976239
0.980398
0.049821
0.668894
0.368563
-0.288017
0.752471
0.126530
0.937706
0.417833
0.438810
-0.604513
0.954601
0.003186
0.921974
0.855665
0.295859
0.277326
-0.180113
0.101765
-0.057723
0.887948
0.895928
0.036747
-0.294813
0.716643
0.448159
-0.398078
0.085160
0.954434
0.988747
-0.197283
0.004341
0.170328
0.229964
0.440039
0.478040
0.534286
0.976660
0.978125
0.136778
0.182093
-0.953294
0.013942
-0.276410
-0.164685
-0.998567
-0.103593
-0.086084
-0.088917
0.747624
0.999919
0.259735
0.930206
-0.259715
0.041047
0.958445
0.123819
0.038952
-0.860681
-0.271364
-0.112466
-0.011886
-0.030880
0.068752
0.011751
-0.471062
0.702469
0.343653
0.444267
-0.364556
-0.199106
0.999542
-0.305009
0.980398
0.911011
-0.252863
0.011288
0.373001
-0.158352
0.363226
0.487706
0.512949
0.185956
0.227269
0.177347
0.132055
-0.162882
-0.362356
0.020915
-0.097297
0.792007
0.229347
-0.104463
-0.378094
-0.270817
-0.265542
0.338122
0.241636
-0.091736
0.761732
0.789230
0.349629
0.878767
0.254951
-0.479640
-0.020155
0.129575
0.288705
0.018619
0.339090
-0.184942
-0.263239
-0.041555
0.144429
0.193510
-0.086669
0.087678
0.310145
-0.135801
0.277564
0.105075
0.066576
0.426117
0.603798
-0.112800
0.073507
-0.110437
0.152123
0.191720
0.273007
0.307957
0.454890
0.290017
0.018252
0.293998
0.292169
0.253053
0.182438
0.375858
0.253703
-0.304789
0.131870
-0.170628
-0.196944
0.200740
-0.002923
-0.221359
-0.221616
-0.298540
-0.339355
0.055854
0.223367
-0.030915
-0.097338
0.138202
0.086964
0.903689
0.542713
0.898719
0.907195
-0.212918
0.363246
-0.226551
-0.137081
-0.133940
-0.196049
-0.337865
-0.436915
-0.096202
-0.178521
0.061183
0.297290
0.316759
-0.232484
-0.193819
-0.276733
-0.243377
-0.196971
-0.224708
-0.120142
-0.065324
-0.101632
-0.303611
-0.293167
-0.220740
-0.341157
-0.343371
-0.460007
-0.537615
-0.408905
-0.446231
-0.480903
0.883217
-0.399105
-0.507667
0.055712
-0.133137
-0.126303
0.017440
0.046236
-0.086635
-0.205335
-0.118734
-0.007231
-0.010053
-0.182390
-0.209100
-0.056148
-0.099620
0.212263
0.338564
-0.095966
-0.064813
-0.207236
0.124918
0.281185
-0.089080
-0.253675
-0.214832
0.024049
-0.158196
-0.062719
-0.136899
-0.318415
-0.348851
0.088265
0.235327
-0.115529
-0.151717
-0.120027
-0.203383
-0.166614
-0.138138
-0.175756
-0.092918
-0.135584
-0.115843
-0.173587
-0.322168
-0.364514
-0.372459
-0.050488
-0.160870
-0.383851
-0.232418
0.109896
0.270204
-0.088112
0.185576
-0.152026
-0.338552
-0.337066
-0.210031
-0.060221
-0.299435
0.289051
0.048324
0.039473
0.178309
0.208558
-0.001080
-0.095151
-0.315403
-0.311503
-0.305982
-0.009366
-0.092414
-0.049224
-0.043533
-0.077681
-0.247711
-0.289148
-0.234682
-0.144294
-0.228348
-0.294843
-0.040831
-0.227355
0.091315
0.075315
-0.158576
0.451507
0.158174
-0.197106
-0.203378
0.011830
0.238059
0.264002
-0.015296
0.488972
0.081575
-0.353417
-0.321328
0.436309
-0.059470
-0.143240
-0.046724
-0.188804
-0.219073
0.043238
0.260448
0.260944
-0.004990
0.067040
-0.181559
-0.255673
-0.268942
-0.460107
0.126900
0.586089
0.640527
0.965547
0.445802
-0.325081
0.027381
0.058412
-0.054916
-0.283001
-0.098583
-0.034813
0.951256
0.875086
-0.058411
0.282597
0.436509
-0.410509
-0.245073
-0.270085
0.980355
0.919571
-0.060503
0.282009
0.235922
0.875472
0.632814
0.532342
-0.049307
0.762109
0.253293
0.043168
0.040114
0.354049
0.165115
0.070404
-0.248435
-0.110735
-0.130861
0.210992
0.182080
-0.172602
0.977545
0.989263
0.999488
-0.412483
0.060431
-0.350010
-0.207972
0.390842
-0.340816
0.050837
0.941573
0.968835
0.995158
0.506721
0.424904
0.980398
0.465703
0.971302
0.231834
-0.264945
0.089978
-0.174869
0.722269
-0.229178
0.055527
-0.356229
0.954601
0.739643
0.823734
0.538329
0.224200
0.456299
-0.180113
-0.327488
-0.048699
0.975759
0.997280
0.275744
0.451520
0.199502
0.117099
-0.240671
-0.618319
0.187508
0.988747
-0.197283
-0.050632
0.170328
0.707639
0.887482
-0.328944
-0.135851
0.611071
0.619385
-0.613156
0.920148
0.966980
0.970181
-0.431495
-0.164685
-0.468491
0.778246
-0.137463
-0.088917
-0.218445
0.303003
0.397137
0.450675
0.988649
0.041047
0.791587
-0.111176
0.716171
-0.152921
0.019368
0.251068
-0.366616
-0.156044
-0.225962
0.147047
-0.048696
-0.014765
0.841179
-0.029870
-0.144382
-0.439230
-0.086613
-0.321788
-0.367762
0.568848
0.447805
0.382726
0.677174
0.087176
-0.394223
0.205817
0.572049
0.934281
0.913330
-0.307710
-0.002388
0.233915
0.309891
0.437992
0.180750
0.212479
0.155971
-0.243348
-0.335116
-0.237046
-0.095811
-0.009212
-0.015624
-0.002770
0.253414
0.185260
-0.101903
-0.179686
0.088522
0.226042
-0.345505
-0.288661
-0.092945
-0.161819
-0.512960
-0.159112
-0.141725
-0.059693
0.023222
-0.047038
-0.269149
-0.311527
-0.117812
-0.221484
-0.395637
-0.245304
-0.023561
-0.070973
-0.126617
-0.127429
-0.298899
-0.163148
-0.260029
0.082775
-0.134662
0.318416
0.264526
-0.470882
-0.268203
-0.606944
-0.563827
-0.439659
0.006495
-0.351442
0.116854
0.130476
-0.043324
-0.282572
-0.256762
-0.063733
0.048267
0.009727
0.141910
0.108952
0.119283
0.090495
0.006596
-0.150546
0.058378
0.050349
0.058393
0.196681
0.090540
0.032459
-0.289400
-0.169883
-0.251848
-0.281670
-0.402055
-0.410491
-0.327404
-0.405189
-0.451389
-0.458639
-0.081074
-0.001377
-0.099840
-0.294931
-0.283783
-0.076080
-0.065807
-0.354175
-0.427595
-0.402295
-0.421365
-0.210937
-0.226046
-0.433130
-0.526130
-0.418128
-0.105413
-0.154918
-0.253743
-0.443167
-0.376947
-0.420940
-0.285579
-0.382684
-0.364888
-0.318214
-0.283276
-0.225627
0.109937
-0.462953
-0.374583
0.223115
-0.035826
0.339698
0.474712
-0.123617
-0.285769
-0.123350
-0.031731
-0.338801
-0.550957
0.175155
0.255094
0.513034
0.183506
-0.252566
-0.187132
-0.334383
-0.390595
0.083044
0.142670
0.091803
0.063050
-0.108003
0.262337
0.935184
0.877351
-0.102309
-0.220325
-0.214936
-0.189691
-0.257762
-0.297866
0.291194
-0.513382
0.047194
-0.031876
0.150526
0.028254
0.343745
-0.317053
-0.253616
-0.429764
-0.077385
-0.350959
-0.133968
-0.111314
-0.102227
-0.345310
-0.246747
-0.169908
-0.081086
-0.141562
0.089576
-0.077097
0.051845
-0.210920
-0.060566
0.005668
-0.140683
0.140855
-0.190173
-0.028269
-0.083271
-0.079839
0.090781
0.108474
-0.002387
-0.092647
0.065108
-0.106033
-0.257322
-0.119451
0.207108
0.377886
0.272014
0.279255
0.123435
0.078064
-0.012817
0.022163
0.067000
0.281516
0.274303
0.028133
-0.053070
0.021696
0.072935
0.325077
0.363236
0.401914
0.390930
0.268951
-0.295682
-0.383479
-0.199197
-0.314954
-0.120831
0.137447
0.757788
-0.144303
-0.014926
0.349915
-0.326914
-0.089258
0.535079
0.794920
-0.337510
0.936851
0.940366
0.586089
0.924355
0.933793
0.807097
0.504357
0.421988
0.439194
0.186944
0.112869
0.266793
0.019798
-0.227579
-0.318600
-0.210263
0.937358
0.507250
0.432514
0.361818
0.097046
0.940199
0.923857
0.985957
0.873585
0.862594
0.839916
0.223042
0.978803
0.998002
-0.289170
-0.233994
-0.217906
-0.770880
-0.019612
-0.034516
-0.208700
-0.214280
-0.195982
-0.103034
0.210992
-0.431420
0.985045
0.986514
0.989263
0.957189
-0.917505
0.841497
0.878161
0.988517
0.141458
0.628754
0.114841
0.991632
0.974687
0.961465
0.506721
0.967775
0.884346
0.465703
0.971302
0.231834
0.003837
0.904199
-0.174869
0.722269
0.027151
-0.190831
-0.604513
0.973487
-0.625754
0.793026
0.538329
-0.481170
0.097913
-0.180113
0.101765
-0.057723
0.887948
0.978296
-0.384331
-0.213628
0.716643
0.544703
0.483810
0.880355
0.974180
0.988747
-0.197283
0.004341
0.130918
0.079076
-0.266379
0.195422
0.321891
0.611071
0.619385
-0.597745
0.317140
0.999854
0.491516
-0.238875
0.109179
-0.468491
0.979278
0.014754
-0.150352
0.119551
-0.038705
0.214803
0.193337
0.047426
0.946422
0.984023
-0.111176
-0.891009
-0.746833
-0.271364
0.810530
0.829979
0.999936
0.161703
0.896064
0.964029
0.995109
-0.315835
-0.319030
-0.312565
-0.332891
0.788455
0.030205
-0.436300
0.222852
0.543869
0.891906
0.723258
0.309596
0.178419
0.422069
0.191032
0.423364
0.192665
0.096442
0.196878
0.495950
0.322574
-0.384655
-0.326443
-0.073516
0.249769
0.073448
0.452244
0.187117
0.302256
-0.268720
0.720994
0.222176
0.178901
-0.027574
-0.342843
0.823550
0.879860
0.273890
0.197229
0.428796
0.428324
0.322659
0.054147
-0.046404
-0.240523
-0.231534
-0.450045
-0.115010
-0.043011
-0.033819
-0.020999
0.333307
0.130116
0.125968
-0.026127
0.054350
-0.028099
0.024394
-0.151610
-0.376672
-0.303802
-0.613311
-0.461513
-0.228040
-0.089720
-0.263872
-0.344549
-0.162384
-0.166409
-0.271560
-0.253460
-0.148591
-0.208325
-0.124498
-0.003314
0.785190
0.685496
0.426004
0.341376
0.088365
0.149642
0.787763
0.219465
0.167892
0.148357
-0.356154
0.326852
0.351551
-0.073789
0.063434
0.306151
-0.201827
-0.376135
-0.503812
-0.343286
-0.445285
-0.420005
0.155613
0.117341
0.127985
0.240231
-0.144397
-0.044900
0.180105
0.761326
0.647085
0.072783
-0.092081
0.374934
-0.102782
-0.480814
-0.334700
-0.206160
-0.209364
-0.203384
-0.273290
-0.343856
-0.366755
0.000549
-0.006141
-0.140415
0.227610
0.062896
0.182294
-0.028618
0.434185
0.788933
0.296365
0.403398
-0.152359
-0.007527
-0.039868
-0.255412
0.113468
