0.030622
0.646380
-0.660802
-0.080169
-0.475200
-0.173493
-0.113243
-0.552808
-0.062802
-0.161370
-0.135636
-0.096166
-0.185409
-0.768501
-0.722891
-0.349900
-0.818225
-0.680624
-0.613918
-0.712241
-0.686340
-0.441413
-0.438731
-0.328919
-0.795739
-0.786453
-0.762886
-0.112898
-0.312388
-0.200688
-0.123819
-0.035271
-0.628989
-0.590029
-0.559401
-0.251871
-0.186395
0.880261
0.024944
-0.045907
-0.061020
-0.106442
-0.280339
-0.200159
-0.069642
-0.128715
-0.184218
-0.080059
-0.132465
-0.163287
-0.358542
-0.193259
-0.252884
-0.610380
-0.347158
-0.118691
-0.746442
-0.354787
-0.391210
-0.371156
-0.185206
-0.316239
-0.114969
-0.179720
-0.120613
-0.070552
-0.055331
-0.420277
-0.503472
-0.233773
-0.444662
-0.679385
-0.988370
-0.997455
-0.215822
-0.190114
0.540638
-0.452382
-0.328006
-0.274629
-0.013362
-0.036079
-0.902172
-0.782337
-0.887904
-0.827044
-0.674295
-0.947778
-0.336843
-0.391462
-0.400399
-0.193963
-0.362629
-0.381329
-0.939287
-0.182161
-0.191809
-0.266403
-0.310393
-0.411987
0.718569
-0.707236
-0.957699
-0.284726
-0.603306
-0.999807
-0.391534
-0.948180
-0.998195
-0.974090
-0.946792
-0.578796
-0.398868
-0.987578
-0.437674
-0.965359
-0.967260
-0.946544
-0.878564
-0.973106
-0.165342
-0.983906
-0.546238
-0.862209
0.485738
-0.954682
-0.820011
-0.910322
-0.985930
-0.997035
-0.993850
-0.730663
0.659170
-0.973570
-0.713072
-0.169021
-0.665566
-0.954792
-0.855230
-0.989036
-0.909604
-0.935197
-0.889098
0.806246
-0.331553
-0.554891
-0.572659
-0.659259
-0.650961
-0.719296
-0.994303
-0.756055
0.562779
0.660651
-0.671964
-0.724048
-0.717204
0.549802
-0.825479
-0.816520
-0.846026
-0.792577
-0.939421
-0.844345
-0.983606
-0.890156
-0.879424
-0.994368
-0.760952
-0.719680
0.511967
-0.922424
-0.875160
-0.900463
-0.491500
0.503764
-0.692875
-0.817305
-0.975782
-0.896334
-0.994743
0.635584
0.788468
-0.776533
-0.751629
-0.926078
-0.369122
-0.918708
0.642076
-0.740939
-0.972228
-0.998854
-0.992539
-0.267879
0.433694
0.079068
0.659421
-0.820691
-0.601152
-0.892329
-0.999934
-0.936908
-0.909392
-0.927147
-0.840762
-0.728254
-0.949701
-0.949602
-0.998482
-0.651646
-0.596584
-0.894477
0.637819
-0.173198
-0.976261
-0.707221
-0.968186
-0.982801
-0.987834
-0.979096
-0.999652
0.743229
-0.190217
-0.134081
-0.947915
-0.715758
-0.867970
-0.871325
-0.990966
-0.982130
-0.845009
-0.998198
-0.998463
-0.396406
-0.780695
-0.636743
-0.999865
-0.871129
-0.331261
-0.984059
-0.956361
-0.987093
-0.891814
0.758983
-0.953840
0.981219
0.970796
-0.971939
-0.497809
-0.428262
-0.439036
-0.254949
-0.272505
-0.102434
-0.256998
-0.261946
-0.251906
-0.977578
-0.985081
-0.858366
-0.995757
-0.994819
-0.919503
-0.321167
-0.842887
-0.970926
-0.978265
-0.839292
-0.800544
-0.178717
-0.431055
0.777091
-0.737850
-0.355614
-0.504033
-0.497109
-0.797741
-0.217563
-0.445436
-0.504175
0.027473
-0.503352
-0.542567
-0.932682
-0.467721
-0.784225
-0.670014
-0.935213
-0.350672
-0.397684
-1.000000
-0.988399
0.844517
0.737296
0.764488
-0.999938
-0.969123
-0.999302
-0.189563
-0.088443
-0.748474
-0.982268
-0.971457
-0.434296
-0.238582
-0.249837
-0.239391
-0.034166
-0.044521
-0.090498
-0.759448
-0.146778
-0.738076
-0.770154
-0.416300
-0.770041
-0.996563
-0.979525
-0.983225
-0.680486
-0.668683
-0.792259
-0.963788
-0.891582
-0.747437
0.665454
-0.188727
-0.323779
-0.351132
-0.998322
-0.928383
-0.776366
-0.785161
-0.507356
-0.481779
-0.017053
-0.353685
-0.357584
-0.459119
-0.232738
-0.235055
-0.167524
-0.471007
0.900293
-0.588444
-0.314367
-0.097051
-0.103588
-0.099992
-0.171453
-0.150664
-0.331491
-0.337974
-0.442400
0.892123
-0.216431
-0.892468
-0.081724
-0.207615
-0.349566
-0.256725
-0.278917
-0.964161
-0.738750
-0.274401
-0.240294
-0.959702
-0.175249
-0.936916
-0.988366
-0.786856
-0.698810
-0.766064
-0.466948
-0.490626
-0.481782
-0.524177
-0.901494
-0.991038
-0.954785
-0.509242
-0.364847
-0.515917
-0.306639
-0.483321
-0.436688
-0.475686
-0.121062
-0.325451
-0.484618
-0.679049
0.677872
0.817174
0.837083
-0.112640
-0.223583
-0.995247
-0.511163
-0.284315
-0.320533
-0.429043
-0.977019
-0.598808
-0.564630
-0.632934
-0.727462
-0.960534
-0.994153
-0.130568
-0.055754
-0.522204
-0.891146
-0.836504
-0.684110
0.815136
-0.896561
-0.803458
-0.565539
-0.573319
0.916190
0.035069
0.998729
0.749372
0.145709
0.041670
0.014542
-0.239991
0.175577
0.032484
-0.000208
-0.099309
0.057794
-0.398169
-0.394734
-0.193367
-0.271369
-0.357009
-0.533642
-0.682013
-0.996778
-0.205291
0.135489
-0.969348
-0.337718
0.522187
0.937737
0.931040
0.544746
-0.904376
-0.976922
-0.705574
-0.998280
-0.998425
-0.939199
-0.977668
-0.975417
-0.987283
0.639179
0.603866
-0.380176
-0.369526
-0.993801
-0.956356
-0.985833
-0.994150
-0.999323
-0.774897
-0.955332
-0.336170
-0.998198
-0.999980
-0.935806
-0.826833
-0.999995
-0.993950
-0.998855
-0.986356
-0.986271
-0.995332
-0.924423
-0.995132
-0.933373
-0.861219
-0.193420
-0.293236
-0.921091
0.545134
-0.813038
-0.471678
-0.522844
-0.486345
-0.793072
-0.959636
-0.981682
-0.987704
0.722676
-0.922726
-0.331496
-0.835798
-0.723179
-0.748466
-0.642650
0.690749
-0.330746
-0.941501
-0.909604
-0.989616
-0.838831
-0.560927
-0.732115
-0.554891
-0.944803
0.496682
-0.276040
-0.501051
-0.151161
0.745253
0.562779
-0.521693
-0.934586
-0.732260
-0.726350
-0.977425
-0.825479
-0.799649
-0.987061
-0.759889
-0.981546
-0.839457
-0.870948
-0.829103
-0.996344
-0.812672
-0.597770
-0.367537
-0.328334
-0.503072
0.387982
-0.747959
0.519032
-0.550343
0.500270
-0.677089
-0.158544
-0.673576
-0.307756
-0.733875
-0.947003
-0.582152
-0.669173
-0.453343
-0.557812
-0.296560
-0.449935
-0.038627
-0.742254
-0.246551
0.494646
-0.189888
0.180211
-0.586472
-0.770182
-0.781572
-0.860980
-0.892329
-0.929984
-0.941094
-0.978584
-0.949695
-0.893612
-0.852111
-0.990963
-0.866519
-0.927328
0.996541
-0.099344
-0.709367
0.637819
-0.994635
-0.756221
-0.823790
0.994696
-0.572473
-0.315316
-0.254711
-0.689509
-0.732874
-0.792214
0.211199
-0.707404
-0.756379
-0.330163
-0.381743
-0.431147
-0.702705
-0.874130
-0.436886
-0.515449
-0.841901
-0.986893
-0.996492
-0.108386
0.026883
-0.998657
-0.996721
-0.970187
-0.990107
-0.904706
-0.955716
-0.999401
-0.992085
-0.976144
-0.989300
-0.999417
0.494190
-0.313280
-0.438743
-0.965096
-0.652215
-0.328729
-0.379456
-0.636905
-0.616350
-0.722554
-0.095939
-0.234852
-0.797429
-0.224403
-0.432040
-0.910851
-0.999029
-0.196837
0.804360
-0.883258
-0.379033
-0.922483
-0.592902
-0.915875
-0.992817
-0.173734
-0.733487
-0.718254
-0.600902
-0.631723
-0.191542
-0.202176
-0.241056
-0.287702
-0.409287
-0.991673
-0.219095
-0.267616
-0.934511
-0.961555
-0.606475
-0.446343
-0.132962
-0.942250
-0.689582
-0.359310
0.867587
-0.997430
-0.637086
-0.905350
-0.899406
-0.618202
-0.935302
-0.950795
-0.930814
-0.144042
-0.209585
-0.991320
-0.284496
-0.479592
-0.186696
-0.044243
-0.063705
-0.183723
-0.191402
-0.511534
-0.552446
-0.995913
-0.111501
-0.160783
0.138135
-0.164604
-0.129495
-0.155934
-0.285074
-0.325764
-0.213336
-0.183551
-0.128733
-0.230834
-0.248240
-0.252067
-0.173105
-0.133807
-0.264598
-0.250484
-0.314639
-0.247011
-0.224855
-0.137540
-0.139307
-0.358874
-0.258815
-0.340995
-0.269689
-0.215791
-0.315965
-0.222537
-0.242063
-0.238480
-0.186174
-0.969466
-0.101945
-0.134014
-0.098592
-0.105726
-0.166596
-0.201999
-0.323474
-0.621455
-0.139658
-0.136214
-0.241989
-0.347681
-0.944397
-0.297554
-0.930133
-0.882041
-0.722793
-0.742691
-0.960249
-0.350270
-0.237122
-0.065050
-0.948886
-0.985154
-0.999999
-0.228927
-0.561285
-0.724156
-0.692769
-0.741889
-0.754345
-0.597034
0.010894
-0.024644
-0.245257
-0.174182
-0.127467
-0.476399
-0.592429
-0.533114
-0.935644
-0.927185
-0.998402
-0.998239
-0.770288
-0.848234
-0.830031
-0.758904
-0.999563
-0.999607
-0.958883
0.691131
-0.339649
-0.472370
-0.455624
-0.899430
-0.668573
-0.537217
0.770931
0.602521
0.108524
-0.248732
-0.121574
-0.187582
-0.218101
-0.993972
-0.999111
-0.929180
-0.733484
-0.716554
-0.451764
-0.977235
-0.967982
-0.978258
-0.973682
-0.930892
-0.931184
-0.275044
-0.960903
-0.966707
-0.964968
-0.951822
-0.926674
-0.169831
0.809561
-0.999438
0.770270
0.631715
-0.147979
-0.268681
-0.710807
-0.690000
-0.898476
-0.230785
-0.947897
-0.930825
-0.977603
0.709604
0.849779
-0.432439
-0.740338
-0.862541
-0.938972
-0.982653
-0.968638
-0.593418
-0.829072
-0.629408
-0.394085
-0.296425
-0.365367
-0.482735
-0.563490
-0.635110
-0.791008
-0.911095
-0.921795
-0.934709
-1.000000
-0.940389
-0.039875
-0.229792
-0.303189
-0.343092
-0.907205
-0.634796
-0.425074
-0.987509
-0.690771
-0.998177
-0.996237
-0.523024
-0.972087
-0.976849
-0.995779
-0.995969
-0.976065
0.794203
-0.747623
-0.953226
-0.992670
-0.793905
-0.998721
-0.343167
0.345554
-0.720191
-0.477029
-0.768809
-0.712916
-0.519043
-0.665566
-0.896723
-0.973222
-0.913264
-0.932640
-0.868110
-0.838831
-0.905836
-0.306356
-0.218340
-0.845910
-0.503965
-0.748433
-0.865543
-0.470275
-0.913298
0.464009
-0.917863
-0.916654
-0.622814
-0.270444
0.508316
-0.968538
-0.218380
-0.771792
0.510573
-0.905607
-0.295023
-0.907932
-0.829103
-0.225502
-0.539002
-0.769200
-0.812809
-0.712923
-0.983175
-0.506312
-0.192445
-0.491500
-0.579324
0.457524
-0.229791
-0.610792
0.186399
0.523127
-0.746890
-0.929485
-0.754717
-0.668273
-0.762930
0.556873
0.533097
-0.064818
-0.897249
0.679705
-0.711525
-0.912228
-0.267879
0.380074
0.581439
-0.932185
0.315112
-0.597097
-0.892329
-0.999934
-0.688248
-0.978584
-0.984145
-0.985517
-0.763710
-0.959129
0.297702
-0.949857
-0.651646
-0.596584
-0.999904
0.637819
-0.833098
-0.976261
-0.069032
-0.724639
-0.661231
-0.977751
-0.909152
-0.963551
-0.405260
-0.105973
-0.859819
-0.827878
-0.982774
-0.694058
-0.702143
-0.725956
-0.880992
-0.996519
0.627244
-0.718367
-0.961779
-0.833279
-0.997761
-0.777166
-0.759536
-0.998657
-0.816678
-0.976697
-0.951614
-0.865911
-0.389992
-0.379839
-0.804913
-0.339851
-0.304881
0.591952
-0.460191
-0.267226
-0.932872
-0.983388
-0.686504
-0.997010
-0.338116
-0.186570
-0.126314
-0.456142
-0.887447
-0.771344
-0.042089
-0.744456
-0.963016
-0.963572
-0.911279
-0.985046
-0.875258
-0.831431
0.687595
-0.830373
-0.046991
-0.253036
-0.529660
0.509514
-0.934891
-0.937367
-0.236107
-0.239778
-0.307549
-0.448198
-0.394567
-0.602642
-0.797504
-0.770361
-0.604264
-0.986045
-0.980650
-0.724264
-0.606475
-0.713804
-0.974694
-0.973407
-0.152753
-0.227742
-0.464981
-0.176199
-0.111311
-0.112791
-0.934604
-0.953655
-0.660393
-0.594266
-0.516454
-0.344673
-0.922707
-0.933673
-0.983547
-0.877468
-0.998265
-0.995564
-0.740069
-0.396444
-0.599389
-0.389656
-0.500452
-0.991416
-0.976083
-0.982434
-0.540567
-0.255147
-0.387749
-0.342177
-0.443420
-0.903808
-0.162964
-0.149744
-0.255096
0.006736
-0.445739
-0.585301
-0.410810
-0.438120
-0.268268
-0.393892
-0.323158
-0.387662
-0.525435
-0.643605
-0.534782
-0.148580
-0.119747
-0.196372
-0.955339
-0.462084
-0.593064
-0.718279
-0.493512
-0.296829
-0.401274
-0.423625
-0.506365
-0.664298
-0.182880
-0.621418
-0.682557
-0.595074
-0.495585
-0.282110
-0.280348
-0.609893
0.023666
0.007677
-0.525047
-0.317455
-0.318316
-0.717117
-0.683814
-0.633923
-0.100552
-0.851114
-0.598352
-0.554825
-0.728354
0.745364
-0.316435
-0.730108
-0.845050
-0.296964
-0.391295
-0.402023
-0.405218
-0.520241
-0.851217
-0.872702
-0.683842
-0.383955
-0.407464
-0.462679
-0.491846
-0.997499
-0.966301
-0.973555
-0.983222
-0.939249
-0.979778
-0.950599
-0.511495
-0.592260
-0.341890
-0.641078
-0.566306
0.687551
0.677853
-0.498375
-0.481177
-0.358303
-0.525311
-0.634170
-0.532343
-0.525876
-0.975687
-0.631361
-0.098657
0.708276
-0.687874
-0.402586
0.895019
-0.336756
-0.850968
0.773741
0.634321
-0.399915
-0.265665
-0.363120
-0.361977
-0.995301
-0.956550
-0.635304
-0.680493
-0.487901
-0.664634
-0.253656
-0.369847
-0.583383
-0.996622
-0.605628
-0.471781
-0.383140
-0.412509
-0.576568
-0.527517
-0.467572
-0.437312
-0.444697
-0.360753
-0.307712
-0.618592
-0.502169
-0.605526
-0.566925
-0.509641
-0.513876
-0.653669
-0.612278
-0.938185
-0.962894
0.744005
-0.999967
-0.999931
-0.980832
0.863859
0.855312
-0.978337
-0.909870
-0.916172
-0.996374
-0.203546
-0.175956
-0.408164
-0.894609
-0.983745
-0.945245
-0.938943
-0.905751
-0.861100
-0.340788
-0.291816
-0.685648
-0.724129
-0.919861
-0.964609
-0.990978
-0.180328
-0.371210
-0.683036
-0.998385
-0.998941
-0.999712
-0.408389
-0.409256
-0.949740
-0.991113
-0.311655
-0.852926
-0.638245
-0.297903
-0.320922
-0.972274
0.691823
-0.562880
-0.636321
-0.954792
-0.472508
-0.842749
-0.581583
-0.748351
-0.838831
-0.903780
-0.732115
-0.554891
-0.045925
-0.771184
-0.557075
-0.916395
0.759531
-0.999610
0.562779
-0.605682
-0.934037
-0.622814
-0.982940
-0.971125
-0.825479
-0.890404
-0.988772
0.516939
-0.845970
-0.555190
-0.282907
-0.394886
-0.996344
0.536179
-0.510536
-0.992882
-0.711415
0.729191
0.714046
-0.174671
-0.590531
-0.712764
-0.802671
-0.525525
-0.741080
-0.875604
-0.999635
-0.955291
-0.991683
0.256878
0.999980
-0.566994
0.671811
0.714509
0.541523
-0.752172
-0.752703
0.534115
-0.769500
-0.182578
0.575574
0.358849
-0.932185
-0.702967
-0.161797
-0.892329
-0.953388
-0.936379
-0.917083
-0.028835
-0.840762
-0.972337
-0.990963
0.719094
0.094025
-0.956915
-0.539145
-0.184014
0.745737
0.528087
-0.830198
-0.999121
0.066174
-0.981125
-0.839186
-0.773457
-0.999319
-0.760465
-0.595523
-0.348428
-0.989293
-0.958716
-0.567518
-0.914473
-0.936769
-0.440620
-0.958927
-0.952403
-0.997638
-0.998644
-0.665011
-0.981028
-0.974562
-0.998301
-0.986730
-0.969956
-0.947603
-0.961723
-0.980883
-0.882258
-0.751959
-0.873586
-0.863359
-0.804563
-0.997227
-0.937072
-0.751888
-0.996758
-0.282987
-0.401770
-0.252578
-0.712883
-0.577249
-0.423647
-0.379913
-0.986447
-0.948330
-0.912324
-0.407284
-0.531060
-0.442295
-0.287490
-0.959475
-0.824100
-0.522199
-0.457695
-0.978091
0.976842
-0.869461
-0.184923
-0.952682
-0.992635
-0.945690
-0.330297
-0.315705
-0.381321
-0.842232
-0.861447
-0.412601
-0.176530
-0.178798
-0.545045
-0.503041
-0.346013
-0.384902
-0.443308
-0.967506
-0.962696
-0.308884
-0.505891
-0.978804
-0.989872
-0.146148
-0.351663
-0.226127
-0.303466
-0.990521
-0.615569
-0.965375
0.031897
-0.209096
-0.791228
0.940519
-0.549872
0.738559
0.832666
-0.915110
-0.884137
-0.921054
-0.973541
-0.999996
-0.829019
0.836297
-0.437928
-0.312748
-0.574090
-0.877508
-0.957295
-0.238062
0.030234
-0.974937
-0.412232
-0.331696
-0.926955
-0.948334
-0.391403
-0.349369
-0.311775
-0.454910
-0.170398
-0.129209
-0.052250
-0.110598
-0.929160
-0.766783
-0.413197
-0.241227
-0.999035
-0.347504
-0.372409
-0.997971
-0.179545
-0.323489
-0.169371
0.147887
-0.304073
-0.275519
-0.087422
-0.174811
-0.003573
-0.707067
-0.749207
-0.663980
-0.956785
-0.956895
-0.140389
0.700482
-0.360180
-0.503028
-0.481171
-0.650694
-0.628284
-0.895227
-0.199151
-0.246422
-0.095821
-0.119305
-0.319403
-0.311705
-0.256975
-0.204245
-0.152126
-0.238605
-0.160564
-0.999940
-0.941676
0.806095
-0.991176
-0.982455
-0.998698
-0.914727
-0.282380
-0.580475
0.708795
-0.139467
-0.237773
-0.173749
-0.202929
-0.409871
-0.433494
-0.538354
-0.629994
-0.550434
-0.614939
-0.710861
-0.997221
0.853443
-0.144715
0.734239
-0.546236
-0.826931
-0.711560
0.831700
-0.932086
-0.448796
-0.993942
-0.451901
-0.375842
-0.303700
-0.306181
-0.439362
-0.222157
-0.457547
-0.416109
-0.292866
-0.185894
-0.183731
-0.290639
-0.342000
-0.408593
-0.219407
-0.209943
-0.241140
-0.292103
-0.458091
-0.307618
-0.079993
-0.171605
-0.153410
-0.362590
-0.888074
-0.098080
-0.023838
-0.999448
-0.618022
-0.286301
-0.110548
-0.051648
-0.078929
-0.980958
-0.979060
-0.932815
-0.290102
-0.386716
-0.383068
-0.302502
-0.998703
-0.983952
-0.617829
-0.783323
-0.679796
-0.794523
-0.453682
0.779271
-0.554811
0.676301
-0.213877
-0.339121
-0.575189
-0.187763
-0.237935
-0.952213
-0.999852
-0.970437
-0.256082
-0.172091
-0.287219
-0.297310
-0.348102
-0.337342
-0.432814
-0.446907
-0.665172
-0.321260
-0.700230
-0.772214
-0.129562
-0.726930
-0.240772
-0.761940
-0.155927
-0.246601
-0.960066
-0.936603
-0.758115
-0.856357
-0.615869
-0.408129
-0.269019
-0.556156
-0.849214
-0.773380
-0.854641
-0.999739
-0.995481
-0.752739
-0.535578
-0.715350
-0.421875
-0.310354
-0.316022
-0.990787
-0.849536
0.782797
-0.205579
-0.942334
-0.785944
-0.980912
-0.978219
-0.846813
0.678931
-0.336316
0.629927
-0.316222
-0.248748
-0.014574
0.572569
0.643399
-0.999314
-0.993095
-0.752760
0.996235
-0.379580
-0.808012
-0.947249
-0.974063
-0.594303
-0.753409
-0.785612
-0.910751
-0.990798
-0.964065
-0.997371
-0.786135
-0.747959
-0.131619
-0.579324
-0.323021
-0.617061
-0.959759
-0.673576
0.817405
-0.130840
0.668635
-0.621785
-0.453511
0.921670
0.081446
-0.705072
-0.762849
-0.984976
-0.862670
-0.659067
-0.070879
-0.677066
-0.578771
-0.045362
-0.950761
-0.925349
-0.597097
-0.892329
-0.715000
-0.165508
-0.685037
-0.610434
-0.993023
-0.972337
-0.990963
-0.796001
-0.998482
-0.651646
-0.267516
-0.308402
-0.425591
0.086550
-0.843554
-0.961367
-0.926357
-0.986712
-0.972228
-0.999901
0.517913
-0.731242
-0.192493
0.954742
-0.659062
-0.871879
-0.218884
0.558228
-0.912794
-0.736105
-0.967656
-0.841334
-0.992079
-0.999650
0.424056
-0.850356
-0.969375
-0.540930
-0.748561
-0.986730
-0.234696
-0.358591
-0.208595
0.613147
-0.953840
-0.843366
-0.772861
-0.996607
-0.996606
-0.080875
-0.748857
-0.967712
-0.967136
-0.987916
-0.746578
-0.612147
-0.348546
-0.188613
-0.544182
-0.675113
-0.917935
-0.802739
-0.781381
-0.257803
-0.273513
-0.207804
-0.966716
-0.824100
0.897737
-0.168169
-0.280569
-0.476505
-0.481337
-0.215704
-0.396680
-0.217775
-0.366224
-0.264653
-0.191577
-0.263185
-0.484879
-0.076485
-0.778726
-0.965643
-0.250489
-0.324156
-0.352218
-0.407473
-0.991108
-0.995710
-0.429093
-0.380668
-0.989359
-0.967516
-0.958597
-0.954202
-0.970521
-0.947724
-0.414010
-0.376511
-0.474639
-0.989891
-0.216246
-0.244433
-0.351408
-0.696274
-0.635858
-0.936317
0.017357
-0.595458
0.908056
0.045311
0.033986
0.133529
-0.354085
-0.446094
-0.990263
-0.667848
-0.328643
-0.290544
-0.642804
-0.657302
-0.098333
-0.224449
-0.248342
0.577676
-0.418725
-0.243818
-0.957566
-0.948462
-0.993141
-0.997902
-0.223848
-0.992404
-0.967245
-0.967672
-0.406677
-0.435935
-0.747000
-0.069898
-0.051839
-0.105061
-0.913672
-0.396936
0.749057
-0.967467
-0.277844
-0.578512
-0.803300
-0.999997
-0.513329
-0.660874
0.015353
-0.129789
-0.146981
-0.967327
-0.965976
0.667841
0.656291
-0.990385
-0.999584
-0.083042
-0.144725
-0.276714
-0.750698
-0.930799
-0.908744
-0.963416
-0.980561
-0.333466
-0.245546
-0.331273
-0.966459
-0.939417
-0.580020
-0.652464
-0.714879
-0.643949
-0.680078
-0.526902
-0.245308
-0.222976
-0.397890
-0.439407
-0.432049
-0.646024
-0.497837
-0.483127
-0.384184
-0.427778
-0.432877
-0.675533
-0.433829
-0.319211
-0.342546
-0.440785
-0.302663
-0.291041
-0.163006
-0.471657
-0.621414
-0.230962
-0.298663
0.969995
-0.157896
-0.223730
-0.148960
-0.209131
-0.399104
-0.308543
-0.226709
-0.197396
-0.960764
-0.686015
0.939966
-0.393105
-0.294482
-0.332073
-0.409598
-0.353172
-0.201455
-0.208978
-0.057910
-0.380583
-0.204057
-0.266671
-0.275400
-0.313845
-0.257091
-0.372403
-0.211172
-0.334509
-0.475086
-0.362090
-0.325498
-0.392823
-0.309489
-0.998797
0.042559
-0.388199
-0.440205
-0.378725
-0.508346
-0.598328
-0.998837
-0.225495
0.933811
-0.067490
0.618608
-0.170722
-0.015053
-0.069004
-0.138013
-0.401657
0.949548
-0.626729
-0.670437
0.914731
-0.403833
-0.398413
-0.926479
-0.942231
-0.109423
-0.278439
-0.629562
-0.631746
-0.454208
-0.894456
-0.976196
-0.996725
-0.995448
-0.970321
-0.954012
-0.811310
-0.945347
-0.999940
-0.871521
-0.779954
0.764074
0.668972
-0.959084
-0.992253
-0.848257
-0.317272
-0.278494
-0.578301
-0.994812
-0.936531
-0.130190
-0.703293
-0.960272
-0.692414
-0.853436
-0.672471
-0.929565
-0.950267
-0.789255
0.353723
-0.999000
0.644015
-0.519043
-0.665566
-0.971072
-0.952365
-0.989367
-0.941171
-0.906145
-0.906171
0.296680
-0.775581
-0.595073
-0.994781
-0.197158
-0.724822
-0.777388
0.719775
0.778477
0.519429
-0.226819
-0.179282
-0.987183
0.689716
-0.188947
0.520280
-0.765533
-0.298223
-0.269881
-0.397556
-0.510541
-0.996058
-0.829103
-0.996344
-0.465030
0.889768
-0.864200
0.499665
-0.854039
0.168249
0.510983
-0.720671
-0.376947
-0.634811
-0.672445
-0.906266
-0.232333
0.676781
-0.277999
-0.308071
-0.727969
-0.453511
-0.421331
-0.206427
0.514871
0.725681
0.037612
0.714881
-0.406257
0.034937
0.020583
-0.049203
0.079068
0.504540
-0.831154
-0.069407
-0.892329
-0.999934
-0.936379
-0.793161
0.460714
-0.840762
-0.972337
-0.413547
0.513709
-0.987796
-0.994485
0.366428
0.647433
0.969213
-0.688250
-0.976261
0.332692
-0.995307
-0.832446
-0.934591
-0.809319
0.237920
0.518683
-0.005117
0.948096
-0.730336
0.328898
-0.782036
-0.770526
-0.964961
-0.861221
-0.942456
0.539277
-0.926693
-0.963740
-0.995065
-0.999989
0.713179
0.761530
-0.961384
-0.744675
-0.895986
-0.894688
-0.750193
-0.684846
-0.990834
-0.997640
-0.998177
-0.997194
-0.999962
-0.681836
-0.896854
-0.470802
-0.986854
-0.980087
-0.714646
-0.201896
0.498337
0.484749
-0.985976
-0.915699
-0.932527
-0.242121
-0.256103
-0.999939
-0.907818
-0.934219
-0.941110
-0.837199
-0.090347
-0.722071
-0.535705
-0.830540
-0.915295
-0.891125
-0.973678
-0.990150
-0.995710
0.823897
0.834730
-0.125272
-0.371647
-0.163204
-0.152059
-0.207610
-0.986002
-0.037485
-0.184477
-0.255933
-0.949473
-0.220314
-0.238122
-0.222568
-0.175982
0.063641
0.973126
-0.927986
-0.980060
-0.330370
-0.804739
-0.735573
-0.830590
-0.488222
0.949382
-0.455588
-0.241959
0.940857
0.866675
-0.933078
-0.231215
-0.099123
-0.046080
0.006335
0.035809
-0.108386
-0.517500
-0.663114
-0.990263
-0.667848
-0.005771
0.030179
-0.143588
-0.146822
-0.109144
-0.133017
-0.108865
0.178093
-0.091425
-0.018713
-0.016163
0.040832
-0.113005
-0.535620
-0.110350
-0.005913
-0.079836
-0.347130
-0.123373
0.080362
-0.028529
-0.053927
-0.061696
-0.021403
-0.322491
-0.366563
-0.135060
-0.495066
-0.160220
-0.070820
-0.154731
-0.167885
-0.148634
-0.150822
-0.070404
-0.039921
-0.067008
-0.043117
-0.075976
-0.068824
-0.302986
-0.031266
-0.328452
-0.313311
-0.230580
-0.699078
-0.424899
0.053620
-0.163348
-0.660802
-0.159931
-0.599823
-0.242248
-0.265958
-0.096465
-0.083245
-0.160326
-0.000194
0.032458
-0.588558
-0.194427
-0.099076
-0.316855
-0.212907
-0.680624
-0.613918
-0.285833
-0.264019
-0.340641
-0.230279
-0.332275
-0.297769
-0.345852
-0.295436
-0.266402
-0.720643
-0.612714
-0.577487
-0.260028
-0.060229
-0.137531
-0.174124
-0.094924
-0.045296
-0.054052
-0.119876
-0.145214
-0.324789
-0.015835
-0.020488
-0.209576
-0.299209
-0.117140
-0.097449
-0.224837
-0.221421
-0.097652
-0.211226
-0.239029
-0.247341
-0.137871
-0.165493
-0.186217
-0.278949
-0.252009
-0.252370
-0.378924
-0.258740
-0.184940
-0.199531
-0.105781
-0.109447
-0.135927
-0.075624
-0.108455
-0.107410
-0.083328
0.115790
-0.009304
-0.129890
-0.194167
0.019012
-0.153590
-0.207215
-0.132662
-0.682821
-0.797179
-0.522435
0.392542
-0.692430
-0.678172
-0.649132
0.006391
-0.070204
-0.918681
-0.070161
-0.170942
-0.869108
-0.759439
-0.003759
-0.062622
-0.072088
-0.629721
-0.679483
-0.260507
-0.702798
-0.795480
-0.207644
-0.372012
-0.178321
-0.285934
-0.053569
-0.120428
-0.160471
-0.205441
-0.078142
-0.896214
-0.085956
-0.200844
-0.737343
-0.207789
-0.072619
-0.174162
-0.964609
-0.990978
-0.705601
-0.624161
-0.917189
-0.994812
-0.936531
-0.704119
-0.703293
-0.960272
-0.820011
-0.896717
-0.092638
-0.131544
-0.234282
-0.854641
-0.148524
-0.972274
-0.712916
-0.519043
-0.665566
-0.954792
-0.914530
-0.168961
-0.222699
-0.989616
-0.838831
-0.560927
-0.732115
-0.554891
-0.944803
-0.771184
-0.748433
-0.916395
-0.080689
-0.219498
0.562779
-0.605682
-0.999362
-0.622814
-0.971393
-0.910118
-0.825479
-0.816520
-0.988772
-0.634131
-0.039974
-0.113324
-0.996058
-0.829103
-0.996344
-0.812672
0.319946
-0.992882
-0.852660
-0.998339
-0.001683
-0.747959
-0.491500
-0.579324
-0.634811
-0.604563
-0.906266
-0.673576
-0.998712
-0.680167
-0.025396
-0.776533
-0.453511
-0.558712
0.081446
-0.076805
0.217328
-0.740939
-0.752703
-0.084505
0.010563
-0.267879
0.433694
0.052793
-0.932185
-0.702967
-0.597097
-0.892329
-0.999934
-0.936379
-0.978584
-0.999918
0.210575
-0.972337
-0.990963
-0.472750
-0.998482
-0.161174
-0.983849
-0.999904
-0.061215
-0.092517
-0.079078
-0.032195
-0.105293
-0.999770
-0.095773
-0.986436
-0.896257
-0.405260
-0.140143
-0.174396
-0.996839
-0.071730
-0.694058
-0.895691
-0.065645
-0.028098
-0.131664
0.041263
-0.980281
-0.999650
-0.923208
-0.984980
-0.969375
-0.042639
-0.998657
-0.986730
-0.210357
-0.951614
-0.344296
-0.212828
-0.254748
-0.022848
-0.130597
-0.191780
-0.061771
-0.460191
-0.870493
-0.097148
-0.084154
-0.742384
-0.078643
-0.077309
-0.076427
-0.123947
-0.107374
-0.960388
-0.985329
-0.933933
-0.077917
-0.141802
-0.252452
-0.931335
-0.959475
-0.824100
-0.095092
-0.457695
-0.830373
-0.046094
-0.737850
-0.613879
-0.782555
-0.916377
-0.995710
-0.197939
-0.049078
-0.018565
-0.065924
-0.118811
-0.158855
-0.773652
-0.753747
-0.436888
0.003170
-0.787995
-0.116542
-0.606475
-0.713804
-0.764305
-0.881954
0.253682
-0.302050
-0.307650
-0.928332
-0.206491
-0.215935
-0.609165
-0.811457
-0.277341
-0.277275
-0.455588
-0.158749
-0.512846
-0.922831
0.038085
-0.001358
-0.085161
-0.145909
-0.391457
-0.039076
-0.060343
-0.122399
-0.146389
-0.129252
-0.073743
-0.160865
-0.163414
-0.030719
-0.008618
-0.016079
-0.259551
-0.133539
-0.036280
-0.145578
-0.023221
-0.114753
-0.121436
-0.193329
-0.123793
-0.192830
-0.306045
-0.306024
-0.220948
-0.131938
-0.248688
-0.260511
-0.072829
-0.167402
-0.115225
-0.214975
-0.115977
-0.474222
-0.149621
-0.307918
-0.282323
0.054466
0.042999
-0.448257
-0.315248
-0.234568
-0.107925
-0.095559
-0.081926
-0.102139
-0.221895
-0.114884
-0.377499
-0.118258
-0.201399
-0.255534
-0.699078
-0.181830
