-0.932758
-0.993264
-0.993153
-0.990943
-0.982407
-0.991504
-0.983252
-0.999679
-0.999961
-0.995821
-0.976982
-0.985093
-0.984697
-0.978574
-0.989074
-0.992541
-0.962256
-0.962527
-0.972204
-0.936109
-0.963026
-0.945957
-0.930539
-0.921919
-0.978965
-0.970306
-0.999612
-0.998710
-0.990220
-0.999922
-0.978772
-0.925514
-0.961348
-0.967595
-0.991280
-0.992420
-0.992935
-0.993393
-0.983530
-0.998940
-0.996329
-0.956690
-0.955247
-0.927852
-0.976914
-0.952787
-0.966053
-0.958546
-0.978249
-0.993273
-0.986793
-0.946702
-0.935133
-0.922297
-0.997370
-0.987064
-0.987668
-0.982232
-0.983134
-0.965503
-0.977262
-0.956391
-0.946770
-0.967999
-0.950411
-0.997551
-0.995945
-0.991794
-0.965653
-0.901393
-0.927679
-0.956101
-0.697002
-0.840194
-0.979428
0.348950
-0.995661
-0.976885
-0.938380
-0.993855
-0.994567
-0.970347
-0.998438
-0.446827
-0.449589
-0.434984
0.148084
0.275811
0.198635
-0.997494
0.225408
0.011181
-0.088477
-0.998865
0.295932
-0.999986
-0.982625
-0.997459
-0.995597
-0.787917
-0.581324
-0.995484
-0.999788
-0.992208
-0.936887
-0.778954
-0.477411
-0.931940
-0.952942
-0.900447
-0.859576
-0.727147
-0.364584
-0.408991
0.401551
-0.998555
-0.996801
-0.917758
-0.951654
-0.996002
-0.999552
-0.998293
-0.974672
-0.996742
-0.982524
-0.999810
-0.995280
-0.974963
-0.926183
-0.985765
-0.854905
-0.738779
-0.993450
-0.998807
-0.962701
-0.988508
-0.960711
-0.999783
-0.999068
-0.999195
-0.935227
-0.863561
-0.961599
0.282920
0.476728
-0.991419
-0.999886
0.916829
0.172298
0.163677
-0.146149
0.289463
-0.910965
-0.724413
-0.975174
0.399100
0.806672
-0.759871
-0.878018
-0.529146
0.254448
-0.098290
-0.862110
0.216697
-0.209427
-0.884941
-0.273885
-0.905031
-0.999993
-0.724601
-0.984592
-0.691613
-0.991497
-0.898580
0.998820
0.924785
-0.672999
-0.609187
-0.842735
-0.955232
-0.995195
-0.983646
-0.998278
-0.998333
-0.961997
-0.999895
-0.995372
-0.961368
-0.966203
-0.993120
-0.970607
-0.996367
0.298422
0.149596
-0.980347
-0.991039
-0.978810
-0.946645
-0.886127
-0.997145
-0.990994
-0.986791
-0.785087
-0.801686
0.899364
0.419526
-0.930654
0.156640
0.679169
-0.982536
-0.974015
-0.996852
-0.983848
-0.996846
-0.958535
-0.969531
0.569678
-0.967648
-0.999157
-0.611057
-0.993801
-0.903860
-0.984537
-0.819224
-0.977115
-0.999035
-0.849152
-0.953170
-0.962556
-0.968092
-0.958258
-0.978793
0.055192
0.949586
-0.999300
0.942511
-0.994799
0.944204
-0.997874
0.941121
-0.999608
0.936827
0.950850
-0.994952
0.946544
-0.910253
-0.973621
-0.870707
-0.590506
-0.337187
-0.428266
-0.997196
-0.959107
-0.999890
-0.977711
-0.829115
-0.394210
-0.983823
-0.733651
-0.769968
-0.991554
-0.200860
-0.965986
-0.982585
-0.994480
-0.776272
-0.752553
-0.922613
-0.998377
-0.982045
-0.963588
-0.997623
-0.980264
-0.921868
-0.962163
-0.938385
-0.946143
-0.967290
-0.967751
-0.892707
-0.995934
-0.998608
-0.918631
-0.935561
-0.985725
-0.978917
-0.972653
-0.949508
-0.970338
-0.977057
-0.928339
-0.957868
-0.999999
-0.999996
-0.995792
-0.950652
-0.981407
-0.977266
-0.892086
-0.854033
-0.987153
-0.986039
-0.991318
-0.977775
-0.954333
-0.999289
-0.994892
-0.959509
-0.940610
-0.930793
-0.866723
-0.869346
-0.999245
-0.984614
-0.948722
-0.942166
-0.936262
-0.983540
-0.946942
-0.994402
-0.988171
-0.897591
-0.923769
-0.999115
-0.953209
-0.999993
-0.988731
-0.999293
-0.967608
-0.979427
-0.975366
-0.992559
-0.993802
-0.998392
-0.986025
-0.998422
-0.836895
-0.846630
-0.948191
-0.998922
-0.999989
-0.944137
-0.999491
-0.999251
-0.999848
-0.995935
-0.990147
-0.988801
-0.992134
-0.987303
-0.999822
-0.999664
-0.956231
-0.977988
-0.972572
-0.965024
-0.845101
-0.900189
-0.932679
-0.997401
-0.996187
-0.997797
-0.989021
-0.999680
-0.998660
-0.999524
-0.997090
-0.997333
-0.827520
-0.967189
-0.993242
-0.990770
-0.989749
-0.798233
-0.990543
-0.991641
-0.980109
-0.933711
-0.999009
-0.976099
-0.960140
-0.916082
-0.999490
-0.999903
-0.998151
-0.984397
-0.998476
-0.980959
-0.994372
-0.988848
-0.433316
0.025029
0.048098
-0.967242
-0.996658
-0.948734
-0.950259
-0.943021
-0.986014
-0.865075
-0.476176
-0.561669
-0.798039
-0.756708
-0.914187
-0.705033
-0.961768
-0.977640
-0.967529
-0.991257
-0.982046
-0.992521
-0.924105
-0.990486
-0.999943
-0.998680
-0.979018
-0.984450
-0.978162
-0.967848
-0.991626
-0.978613
-0.999999
-0.999740
-0.981751
-0.999780
-0.997070
-0.993157
-0.995149
-0.992763
-0.965141
-0.994299
-0.983976
-0.998880
-0.988749
-0.934667
-0.774223
-0.966400
-0.899535
-0.165553
-0.822907
-0.355349
-0.993608
-0.999776
-0.934886
-0.822979
-0.773974
-0.975019
-0.934798
0.818877
-0.945265
-0.889533
-0.925874
-0.712195
-0.937268
-0.920025
-0.992537
-0.991592
-0.997626
-0.800880
-0.849144
-0.999958
-0.956278
-0.719889
-0.965766
-0.978641
-0.991495
-0.988197
-0.957633
-0.906954
-0.995145
-0.958978
-0.843761
-0.520431
-0.538785
-0.680239
-0.528241
-0.441517
-0.972575
-0.898392
-0.995582
-0.998684
-0.980734
-0.999982
-0.991896
-0.955658
-0.998199
-0.959239
-0.977870
-0.987291
-0.907411
-0.973249
-0.978107
-0.999347
-0.999999
-0.943216
-0.970742
-0.974905
-0.988862
-0.992768
-0.999988
-0.967915
-0.999192
-0.975087
-0.999195
0.675176
-0.999765
-0.916990
0.239013
0.392109
-0.999605
-0.995171
-0.996499
0.484357
0.500755
-0.146149
0.289463
-0.984702
-0.990743
-0.999796
-0.151112
-0.989944
-0.927526
-0.993384
-0.336808
-0.979428
0.366012
0.314293
0.216697
-0.197027
-0.992412
-0.237848
-0.992766
-0.949001
-0.724601
-0.984592
-0.691613
-0.999755
-0.898580
0.796595
0.297886
-0.989040
-0.980223
-0.842735
-0.955232
-0.998386
-0.994128
-0.970473
-0.998333
-0.459945
-0.444199
-0.999818
-0.961368
0.653615
-0.992464
-0.971010
-0.968003
-0.955109
0.149596
-0.980347
-0.991106
-0.599021
-0.983420
-0.897979
-0.998396
-0.999993
-0.998016
-0.902858
-0.930281
-0.966966
-0.989706
-0.998002
-0.902115
-0.975726
-0.883469
-0.627959
-0.979233
-0.981656
-0.978871
-0.999289
-0.950641
-0.947016
-0.989569
-0.978296
-0.983585
-0.967208
-0.955631
-0.999913
-0.962477
-0.934684
-0.987124
-0.849152
-0.990757
-0.984484
-0.875594
-0.839994
0.496323
-0.946534
0.939929
0.952269
0.945801
0.392130
-0.963554
-0.911046
-0.465304
-0.997155
-0.994796
-0.360325
0.277579
0.398195
-0.986726
-0.993218
-0.998065
-0.982361
-0.982116
-0.937520
-0.999588
-0.999652
-0.985400
-0.972148
-0.928935
-0.992175
-0.947568
-0.999675
-0.966288
-0.991565
-0.995575
-0.999838
-0.995076
-0.999971
-0.996566
-0.998321
-0.958561
-0.963846
-0.990205
-0.991154
-0.999831
-0.899842
-0.897945
-0.962190
-0.997404
-0.981501
-0.982025
-0.974920
-0.972994
-0.993693
-0.999974
-0.969616
-0.949700
-0.982561
-0.993795
-0.999885
-0.993748
-0.979128
-0.978424
-0.992907
-0.476179
-0.417816
-0.961618
-0.981037
-0.999434
-0.902013
-0.915852
-0.944258
-0.978528
-0.985479
-0.974127
-0.974136
-0.970898
-0.999015
-0.983622
-0.982004
-0.916730
-0.946159
-0.961401
-0.999561
-0.998837
-0.952284
-0.989693
-0.994112
-0.989720
-0.962372
-0.978668
-0.988699
-0.921333
-0.899253
-0.981161
-0.986795
-0.999375
-0.961397
-0.977971
-0.997587
-0.995889
-0.940451
-0.989262
-0.998874
-0.983343
-0.978514
-0.999209
-0.993298
-0.993725
-0.993972
-0.998316
-0.996890
-0.993552
-0.955978
-0.998146
-0.997542
-0.994049
-0.889669
-0.918692
-0.880868
-0.974150
-0.999796
-0.998172
-0.997758
-0.999691
-0.586743
-0.959734
-0.980248
-0.975220
-0.984735
-0.982455
-0.998280
-0.999971
-1.000000
-0.983184
-0.944710
-0.960416
-0.979473
-0.998863
-0.952276
-0.964652
-0.958281
-0.984988
-0.984297
-0.940085
-0.950854
-0.951819
-0.919959
-0.914019
-0.944667
-0.978934
-0.973864
-0.990479
-0.977712
-0.987435
-0.986278
-0.991627
-0.987115
-0.998109
-0.956045
-0.952953
-0.957033
-0.983314
-0.927688
-0.533487
-0.991900
-0.874004
-0.829291
-0.996606
-0.897665
-0.863202
-0.912073
-0.934727
-0.951670
-0.967752
-0.960446
-0.900891
-0.933518
-0.905650
-0.930412
-0.993914
-0.982088
-0.958197
-0.991693
-0.997525
-0.990496
-0.997234
-0.994408
-0.995791
-0.996091
-0.995744
-0.987060
-0.995330
-0.950051
-0.929933
-0.953464
-0.965338
-0.976146
-0.917056
-0.950717
-0.966725
-0.911611
0.493254
-0.995630
-0.988981
-0.954042
-0.996893
-0.974689
-0.989229
-0.759400
-0.583963
-0.999054
-0.997415
-0.412092
-0.470434
-0.476070
-0.397598
-0.609529
-0.986455
-0.928283
-0.999421
-0.993879
-0.999583
-0.929390
-0.836707
-0.925396
-0.929192
-0.992734
-0.985862
-0.933989
-0.968905
-0.992672
-0.990569
-0.996946
-0.999870
-0.997524
-0.983469
-0.994730
-0.965354
-0.992746
-0.999989
-0.987922
-0.665244
-0.964817
-0.995112
-0.976200
-0.965551
-0.972545
-0.680239
-0.301080
-0.227332
0.192987
-0.898392
-0.975388
-0.996801
-0.910488
-0.841940
-0.952853
-0.991239
-0.995343
-0.995155
-0.411545
-0.977045
-0.973263
-0.844319
-0.985243
-0.755951
0.628433
-0.311486
0.341517
0.337393
-0.974809
-0.113187
-0.663123
-0.933077
-0.967390
-0.998856
-0.972814
-0.990569
-0.990180
-0.954278
-0.909412
-0.723687
-0.991419
-0.977488
-0.949656
0.554171
0.517228
-0.146149
0.527230
0.631393
-0.724413
-0.975174
0.660315
-0.989944
0.681299
-0.993384
-0.336808
0.502458
-0.098290
-0.999836
0.216697
0.428588
0.350394
-0.237848
-0.972755
-0.999993
-0.989298
-0.983707
-0.951883
-0.999755
0.310796
0.796595
0.297886
0.669406
0.667780
-0.992411
-0.993929
-0.953065
-0.967971
-0.994808
0.020086
-0.459945
-0.646119
-0.965520
-0.991035
-0.977198
-0.896362
-0.970607
-0.777458
0.314472
0.149596
-0.980347
-0.995167
-0.973260
-0.997490
-0.996426
-0.997145
-0.990994
0.231436
-0.785087
-0.801686
-0.948379
-0.017062
-0.930654
-0.997321
-0.984061
-0.919625
0.071992
-0.999891
-0.996039
-0.997972
-0.968596
-0.953183
-0.995649
-0.973579
-0.958364
-0.984914
-0.985817
-0.972534
-0.995058
-0.977792
-0.940961
-0.980540
-0.995725
-0.975554
-0.987946
0.953359
-0.860548
-0.977433
0.942332
-0.044462
-0.972432
0.947096
0.944941
0.954918
-0.999471
0.268383
-0.147197
-0.037995
-0.983986
-0.964665
-0.972335
-0.972942
-0.975826
-0.334944
-0.993338
-0.994813
-0.998446
-0.930373
-0.997062
-0.966964
-0.951132
-0.970367
-0.977394
-0.939096
-0.988672
-0.993676
-0.991798
-0.997201
-0.944550
-0.996019
-0.994760
-0.976851
-0.982476
-0.989719
-0.996152
-0.991123
-0.960211
-0.956126
-0.956421
-0.971484
-0.983168
-0.998623
-0.999990
-0.998933
-0.994069
-0.971603
-0.989179
-0.984792
-0.999991
-0.974873
-0.999063
-0.999632
-0.977847
-0.945591
-0.992581
-0.987395
-0.955425
-0.992616
-0.993538
-0.987464
-0.999809
-0.888011
-0.900352
-0.989374
-0.999150
-0.981768
-0.971576
-0.986687
-0.955371
-0.997937
-0.986936
-0.989225
-0.983948
-0.963679
-0.998506
-0.951242
-0.985571
-0.997345
-0.964044
-0.907507
-0.999869
-0.999918
-0.999001
-0.994276
-1.000000
-0.983492
-0.963616
-0.988912
-0.963893
-0.969641
-0.999513
-0.945328
-0.984330
-0.999933
-0.960754
-0.999975
-0.999747
-0.992537
-0.892315
-0.967449
-0.991874
-0.972450
-0.985000
-0.828207
-0.984753
-0.995018
-0.961422
-0.957484
-0.877930
-0.877749
-0.986871
-0.983390
-0.982738
-0.999533
-0.995352
-0.995513
-0.997336
-0.994638
-0.993788
-0.971172
-0.983138
-0.987811
-0.958517
-0.922228
-0.915411
-0.947340
-0.935501
-0.926457
-0.960972
-0.978630
-0.818311
-0.999972
-0.999738
-0.965369
-0.959773
-0.981619
-0.956117
-0.917021
-0.999066
-0.915895
-0.990666
-0.997111
-0.995601
-0.983008
-0.975720
-0.997709
-0.987447
-0.909456
-0.950349
-0.994987
-0.898374
-0.999063
-0.991038
-0.959084
-0.998284
-0.922775
-0.871181
-0.880326
-0.978111
-0.981828
-0.321703
-0.787812
-0.882886
-0.915521
-0.927335
-0.932236
-0.951440
-0.960365
-0.961075
-0.984126
-0.977516
-0.901423
-0.963874
-0.985888
-0.624986
-0.545406
-0.995612
-0.996111
-0.579133
-0.900562
-0.923330
-0.991833
-0.914399
-0.941439
-0.955079
-0.930527
-0.934205
-0.960583
-0.861420
-0.969212
-0.960771
-0.966717
-0.996689
-0.998857
-0.973781
-0.936852
-0.947416
-0.969732
-0.984261
-0.997518
-0.996011
-0.993519
-0.967875
-0.949768
-0.910842
-0.994191
-0.959406
-0.982067
-0.949590
-0.976088
-0.969666
-0.976485
-0.995132
-0.999964
-0.903535
-0.806812
-0.866323
-0.889533
-0.925874
-0.939833
-0.973102
-0.983829
-0.993591
-0.983479
-0.975511
-0.996672
-0.965359
-0.985514
-0.999574
-0.997499
-0.990555
-0.972354
-0.951564
-0.984549
-0.980741
-0.985041
-0.995145
-0.984588
0.167389
0.260025
-0.519120
-0.611907
-0.979601
-0.999233
-0.979002
-0.999956
-0.999552
-0.999445
-0.998800
-0.987525
-0.919611
-0.999552
-0.998293
-0.986849
-0.899700
0.386502
-0.999810
-0.995280
0.178958
-0.755951
-0.989420
-0.854905
-0.738779
-0.998828
-0.972556
-0.987061
-0.979636
-0.833085
-0.830307
-0.999068
-0.849515
-0.935227
-0.348059
-0.997519
-0.205568
-0.905091
-0.999636
-0.999898
-0.921905
0.376913
0.326776
0.203331
0.289463
-0.993541
0.776204
-0.975174
-0.441608
-0.936652
-0.874602
-0.979956
-0.336808
-0.999536
-0.995670
-0.999733
-0.686522
-0.483997
-0.884941
0.392736
-0.972755
-0.967619
-0.982019
-0.890118
-0.691613
-0.999755
-0.898580
-0.936015
-0.879512
-0.302732
-0.871222
-0.849070
0.470424
-0.995195
-0.983646
-0.848157
-0.196203
0.016056
-0.444199
-0.999818
0.475437
0.404877
-0.993120
-0.949904
-0.850569
0.298422
0.149596
-0.980347
-0.999650
-0.992427
-0.923976
-0.897979
-0.997145
-0.997500
-0.971580
-0.785087
-0.801686
-0.924428
-0.017062
-0.993286
-0.976153
-0.950568
-0.943285
-0.627959
-0.999891
-0.830402
-0.967559
0.787086
-0.822760
-0.912750
-0.973579
-0.937173
-0.611057
-0.989833
-0.996181
-0.877098
-0.955707
-0.277967
-0.996361
-0.085851
-0.298046
-0.916952
-0.996172
0.934287
-0.955812
0.962330
-0.974412
0.966455
-0.950501
0.999544
-0.431224
-0.979545
-0.987372
-0.998294
-0.558184
-0.937182
-0.889690
-0.999984
-0.961433
-0.979291
-0.956999
-0.981280
-0.987898
-0.872964
-0.991833
-0.997522
-0.997458
-1.000000
-0.594116
-0.826246
-0.962732
-0.883398
-0.649919
-0.446224
-0.966524
-0.998169
-0.998181
-0.997854
-0.952116
-0.977610
-0.982889
-0.992408
-0.972586
-0.968158
-0.955762
-0.977623
-0.999904
-0.997414
-0.983996
-0.993679
-0.986049
-0.964611
-0.986488
-0.999032
-0.999695
-0.996270
-0.958116
-0.997770
-0.994568
-0.984585
-0.992131
-0.790797
-0.880851
-0.975362
-0.999909
-0.985535
-0.980972
-0.966246
-0.942427
-0.950051
-0.898639
-0.970113
-0.971806
-0.265975
-0.812895
-0.996465
-0.916130
-0.984369
-0.998055
-0.998736
-0.939761
-0.989111
-0.996419
-0.998503
-0.988285
-0.991528
-0.964933
-0.950058
-0.999599
-0.993460
-0.995869
-0.993121
-0.997508
-0.992149
-0.999013
-0.993701
-0.974401
-0.999358
-0.980950
-0.973999
-0.999699
-0.993220
-0.999953
-0.986604
-0.985788
-0.997350
-0.999706
-0.983983
-0.969213
-0.988271
-0.996387
-0.973728
-0.948873
-0.787582
-0.980814
-0.929470
-0.933418
-0.928495
-0.956062
-0.979109
-0.928608
-0.951007
-0.989973
-0.952474
-0.954419
-0.916876
-0.524880
-0.547242
-0.966318
-0.978174
-0.972755
-0.988115
-0.925974
-0.993974
-0.976643
-0.977362
-0.943829
-0.922719
-0.968746
-0.965480
-0.968606
-0.973635
-0.989493
-0.984612
-0.952451
-0.994940
-0.989234
-0.992946
-0.989331
-0.990181
-0.964886
-0.991266
-0.942885
-0.976312
-0.995702
-0.990777
-0.908052
-0.899362
-0.952111
-0.958634
-0.981509
-0.933571
-0.966577
-0.982905
-0.953665
-0.954963
-0.923850
-0.936071
-0.929062
-0.988575
-0.995330
-0.993799
-0.998319
-0.926330
-0.987083
-0.947351
-0.964409
-0.960600
-0.996387
-0.990700
-0.998655
-0.999506
-0.986487
-0.995025
-0.999765
-0.067399
-0.974090
-0.993155
-0.999728
-0.991676
-0.608069
-0.782599
-0.998907
-0.993309
-0.999735
-0.955702
-0.998545
-0.981751
-0.974266
-0.949217
-0.946425
-0.973844
-0.971045
-0.974134
-0.994013
-0.957942
-0.925961
-0.930093
-0.949721
-0.932414
-0.936592
-0.929031
-0.953831
-0.567023
-0.975926
-0.983522
-0.947610
-0.517855
-0.966581
-0.995523
-0.994936
-0.989566
-0.998815
-0.953540
-0.953571
-0.971135
-0.981546
-0.982773
-0.985706
-0.959964
-0.970854
-0.955633
-0.989596
-0.956395
-0.999196
-0.996054
-0.999752
-0.972949
-0.997427
-0.994183
-0.949494
-0.935406
-0.942121
-0.976588
-0.965403
-0.999098
-0.996285
-0.797046
-0.992769
-0.980538
-0.999277
-0.910566
-0.963428
-0.994185
-0.978308
-0.986595
-0.999950
-0.996832
-0.972895
-0.998293
-0.959239
-0.648147
-0.987291
-0.999810
-0.944940
-0.947463
-0.631561
-0.979781
-0.992384
-0.994186
-0.993488
-0.974809
-0.636243
-0.609291
-0.485872
-0.502408
-0.761707
-0.795783
-0.959922
-0.800001
-0.992241
-0.205568
-0.723687
-0.479268
-0.551392
-0.949656
0.172298
-0.375665
-0.477764
0.289463
-0.910965
-0.724413
-0.975174
-0.151112
-0.989944
0.513469
-0.993384
-0.336808
0.069724
0.078571
-0.862110
0.216697
-0.197027
-0.998758
-0.743358
-0.929603
-0.957625
0.658625
-0.991963
0.347431
-0.908524
-0.898580
0.796595
0.297886
-0.999995
-0.387251
-0.517530
-0.955232
-0.960776
-0.983646
-0.994808
-0.998333
-0.459945
-0.444199
-0.999325
-0.955555
-0.697440
-0.893954
0.917352
-0.996367
0.298422
0.149596
-0.980347
-0.999991
-0.985387
-0.973199
-0.897979
-0.878338
-0.845304
0.214789
0.208017
-0.990602
-0.983281
0.302045
-0.999903
-0.961040
-0.986346
-0.053512
-0.994620
-0.996288
-0.996039
0.664122
0.012734
-0.965680
-0.367037
-0.965685
-0.999157
0.285277
-0.992305
-0.999241
-0.509144
-0.962477
-0.993656
-0.999929
-0.999523
-0.997634
-0.999931
-0.882100
-0.711714
-0.939097
-0.895894
-0.931182
-0.979978
-0.030247
0.952349
-0.197028
-0.412381
-0.967502
-0.999936
-0.927831
-0.987383
-0.931701
-0.873008
-0.858419
-0.982558
-0.973832
-0.984148
-0.991242
-0.986646
-0.932040
-0.999781
-0.995255
-0.610512
-0.973345
-0.994529
-0.925767
-0.962631
-0.964099
-0.941102
-0.970367
-0.995783
-0.647893
-0.614098
-0.936888
-0.477251
-0.966954
-0.877465
-0.999797
-0.991570
-0.957418
-0.999827
-0.940754
-0.982749
-0.964731
-0.999136
-0.989515
-0.981098
-0.996237
-0.996149
-0.950689
-0.990736
-0.960707
-0.994464
-0.997781
-0.904668
-0.797137
-0.993618
-0.997295
-0.993883
-0.988362
-0.981450
-0.962012
-0.951400
-0.890548
-0.957021
-0.999833
-0.955806
-0.956367
-0.967453
-0.983217
-0.926677
-0.967282
-0.952420
-0.991267
-0.985335
-0.980415
-0.979645
-0.999996
-0.975192
-0.975134
-0.954397
-0.940658
-0.998439
-0.974735
-0.999522
-0.995251
-0.990404
-0.996211
-0.428190
-0.839918
-0.438524
-0.420711
-0.977070
-0.931693
-0.973999
-0.990560
-0.990989
-0.980594
-0.941195
-0.899503
-0.995362
-0.983936
-0.998127
-0.954787
-0.948506
-0.972600
-0.981037
-0.960947
-0.969932
-0.980409
-0.974426
-0.992757
-0.997864
-0.994822
-0.952796
-0.956061
-0.975333
-0.940006
-0.939200
-0.887916
-0.843190
-0.912577
-0.894918
-0.876774
-0.468965
-0.916905
-0.861553
-0.998447
-0.991098
-0.991992
-0.999848
-0.998931
-0.996240
-0.978692
-0.992926
-0.999974
-0.999949
-0.983226
-0.977894
-0.998422
-0.995026
-0.977212
-0.940944
-0.995385
-0.997897
-0.978291
-0.992167
-0.959654
-0.996024
-0.967289
-0.976651
-0.999711
-0.987408
-0.998031
-0.990585
-0.947951
-0.937178
-0.996097
-0.971916
-0.993304
-0.988424
-0.992771
-0.979099
-0.986022
-0.990413
-0.984434
-0.995674
-0.990766
-0.993268
-0.984819
-0.946682
-0.931198
-0.928049
-0.998725
-0.986976
-0.923395
-0.972616
-0.993943
-0.962803
-0.996111
-0.982630
-0.988377
-0.940948
-0.941481
-0.977695
-0.998185
-0.954117
-0.957314
-0.998832
-0.999221
-0.983975
-0.978010
-0.999999
-0.995463
-0.948958
-0.950245
-0.952037
-0.999956
-0.995721
-0.998788
-0.999052
-0.996978
-0.968834
-0.957284
-0.972072
-0.989535
-0.973580
-0.955546
-0.999166
-0.973812
-0.995822
-0.997160
-0.987347
-0.892268
-0.987411
-0.980382
-0.979100
-0.999930
-0.971251
-0.964522
-0.999883
-0.872299
-0.996667
-0.935466
-0.946968
-0.899797
-0.998230
-0.989688
-0.998908
-0.982015
-0.975708
-0.999065
-0.965488
-0.965354
-0.999988
-0.997750
-0.983380
-0.966763
-0.963156
-0.887863
-0.991916
-0.810246
-0.767936
-0.260227
-0.895131
-0.945686
-0.999625
-0.998293
-0.998491
-0.959120
-0.995129
-0.999394
0.308402
0.483967
-0.998293
-0.959239
-0.899700
-0.911857
-0.969505
-0.962836
0.197240
0.392923
-0.998168
-0.959412
-0.971772
-0.483269
0.774304
-0.846529
-0.998784
0.647449
-0.967390
-0.999068
-0.999195
-0.935227
-0.986274
-0.997519
0.968649
-0.993850
-0.991401
-0.977488
-0.983284
-0.984992
-0.210728
-0.146149
0.031989
-0.910965
-0.998172
-0.936746
-0.978135
-0.920458
-0.940130
-0.998707
-0.336808
-0.247706
-0.098290
-0.862110
0.905238
-0.197027
-0.884941
-0.237848
-0.972755
-0.964264
-0.995944
-0.984592
-0.691613
-0.973385
-0.998457
0.934399
0.297886
-0.672999
-0.566977
-0.842735
-0.974543
-0.889826
-0.983646
-0.944855
-0.998814
-0.218849
0.073706
-0.961231
-0.892261
-0.979897
-0.993120
-0.970607
0.785927
0.982263
0.149596
-0.980347
-0.998717
-0.985387
0.706574
0.460843
-0.944349
-0.990729
-0.791576
-0.785087
0.789961
-0.391571
0.254854
0.242383
-0.902115
-0.986346
-0.883469
-0.627959
-0.990507
-0.996039
-0.975849
0.952989
0.917759
0.892688
0.150241
-0.999157
-0.611057
-0.993801
0.697925
-0.988238
-0.999812
-0.967969
-0.930372
-0.987750
-0.974136
-0.989130
-0.998814
-0.999891
-0.540757
-0.999554
-0.989522
-0.898375
-0.996242
0.946812
0.929920
-0.822443
-0.894131
-0.923862
-0.735823
-0.996193
-0.919015
-0.978590
-0.820219
-0.356538
-0.407221
-0.951480
-0.999997
-0.972257
-0.950772
-0.898979
-0.983529
-0.977166
-0.987762
-0.969939
-0.942177
-0.971498
-0.995400
-0.999958
-0.999878
-0.999996
-0.967358
-0.982690
-0.994794
-0.983724
-0.996074
-0.974118
-0.938417
-0.957431
-0.995671
-0.986820
-0.858413
-0.987260
-0.989906
-0.998217
-0.999730
-0.998893
-0.963099
-0.950237
-0.993036
-0.975164
-0.918407
-0.969446
-0.999722
-0.997478
-0.991952
-0.991848
-0.954285
-0.986602
-0.965601
-0.996568
-0.990892
-0.947951
-0.964379
-0.882196
-0.963362
-0.794745
-0.825893
-0.898165
-0.999979
-0.936210
-0.993149
-0.991451
-0.999061
-0.959246
-0.966475
-0.997967
-0.998834
-0.999953
-0.989880
-0.994047
-0.992860
-0.995897
-0.999978
-0.988603
-0.998295
-0.998732
-0.998294
-0.980468
-0.995893
-0.999473
-0.957208
-0.985464
-0.967767
-0.959511
-0.915615
-0.911865
-0.944884
-0.914233
-0.892328
-0.888623
-0.996708
-0.999999
-0.995004
-0.955519
-0.958888
-0.997102
-0.997832
-0.935179
-0.903971
-0.915510
-0.906891
-0.977500
-0.974117
-0.901331
-0.850404
-0.908388
-0.994429
-0.987927
-0.967272
-0.896439
-0.926235
-0.907088
-0.958355
-0.923879
-0.931052
-0.948019
-0.959038
-0.974214
-0.993939
-0.886383
-0.927193
-0.974792
-0.999358
-0.940535
-0.880141
-0.992330
-0.958299
-0.992363
-0.999496
-0.940858
-0.834534
-0.984541
-0.966916
-0.858368
-0.983019
-0.967580
-0.982335
-0.942437
-0.920563
-0.996546
-0.989770
-0.995777
-0.998010
-0.994151
-0.964976
-0.354163
-0.479850
-0.994753
-0.975427
-0.976628
-0.981844
-0.966208
-0.954608
-0.956664
-0.858160
-0.998886
-0.999492
-0.988606
-0.999601
-0.939063
-0.948408
-0.967305
-0.902941
-0.997001
-0.936391
-0.990986
-0.993785
-0.994761
-0.938489
-0.969080
-0.985460
-0.996707
-0.989929
-0.995980
-0.997024
-0.998655
-0.977503
-0.998164
-0.999984
-0.990055
-0.990030
-0.981751
-0.999600
-0.996527
-0.996808
-0.995871
-0.994099
-0.999997
-0.995699
-0.997878
-0.994363
-0.966326
-0.992840
-0.978318
-0.925852
-0.962293
-0.960217
-0.992353
-0.996948
-0.999918
-0.999754
-0.997753
-0.959556
-0.961643
-0.999604
-0.998591
-0.999765
-0.997337
-0.945688
-0.931697
-0.915678
-0.920420
-0.963154
-0.955286
-0.923550
-0.979960
-0.949107
-0.992673
-0.990509
-0.652501
-0.989534
-0.999889
-0.936782
-0.945054
-0.996009
-0.844802
-0.606715
-0.941322
0.349728
-0.340165
-0.810246
-0.381534
-0.357814
0.590419
0.863495
-0.906602
-0.898392
-0.982371
-0.993610
-0.963754
-0.999804
-0.973760
-0.947889
-0.977645
-0.348369
-0.861799
-0.901627
-0.932249
-0.995280
-0.340626
-0.382738
-0.166999
0.486672
0.505897
0.542717
-0.974809
0.204806
0.063189
-0.957278
-0.972238
-0.975970
-0.636981
-0.999808
-0.999404
-0.977980
-0.976772
-0.980607
-0.994678
-0.977488
-0.902151
0.172298
0.163677
-0.146149
0.289463
0.397725
-0.540261
-0.478364
-0.151112
-0.989944
-0.777604
-0.993384
-0.129095
0.223573
0.274929
-0.862110
0.251816
-0.466832
-0.884941
-0.237848
-0.972755
-0.999993
0.427111
-0.984592
-0.691613
-0.999631
-0.981623
0.796595
0.228742
0.780021
-0.609187
-0.842735
-0.876628
-0.995195
-0.983646
-0.994808
-0.998333
-0.459945
0.207212
-0.923195
-0.976915
-0.697440
-0.838629
-0.875173
0.474315
0.225775
0.149596
-0.980347
-0.999991
-0.991393
-0.996869
-0.963868
-0.980719
-0.946777
-0.791576
-0.785087
-0.801686
-0.948379
-0.017062
-0.870868
-0.971050
-0.994022
-0.883469
0.202520
-0.999891
-0.988632
-0.992828
-0.999251
-0.976657
-0.981132
-0.998875
0.322934
0.178040
-0.993801
-0.453985
-0.665012
-0.962477
0.585697
0.557795
0.011343
-0.986839
0.443925
-0.265797
-0.098779
0.948814
0.947745
0.949896
0.942965
-0.615093
0.999544
-0.899801
-0.974852
0.839170
-0.452220
-0.690578
-0.950868
-0.983955
-0.906564
-0.981584
-0.905960
-0.981265
-0.995339
-0.980428
-0.868351
-0.946544
-0.923061
-0.945217
-0.997294
-0.968305
-0.997299
-0.891894
-0.982338
-0.953227
-0.963218
-0.692941
-0.975007
-0.983867
-0.999620
-0.939393
-0.567244
-0.475234
-0.961761
-0.980357
-0.903402
-0.903625
-0.946515
-0.998533
-0.998923
-0.970643
-0.972827
-0.893006
-0.993364
-0.999075
-0.999428
-0.999779
-0.942818
-0.991499
-0.992034
-0.999659
-0.998522
-0.999605
-0.999702
-0.988440
-0.926347
-0.952735
-0.789841
-0.887134
-0.973652
-0.995967
-0.964558
-0.938768
-0.986728
-0.986057
-0.962421
-0.967346
-0.988899
-0.978060
-0.992220
-0.999995
-0.619255
-0.728076
-0.904721
-0.939927
-0.996088
-0.988740
-0.615979
-0.975620
-0.985805
-0.988934
-0.934427
-0.945076
-0.936169
-0.997274
-0.997986
-0.951983
-0.979421
-0.926565
-0.863814
-0.939231
-0.895389
-0.907522
-0.987818
-0.993092
-0.991776
-0.970716
-0.989520
-0.998991
-0.983647
-0.648370
-0.762418
-0.997348
-0.995751
-0.927051
-0.994704
-0.876823
-0.942325
-0.978518
-0.977838
-0.979099
-0.961932
-0.939022
-0.930318
-1.000000
-0.999981
-0.990093
-0.973752
-0.998020
-0.983244
-0.999590
-0.900824
-0.614479
-0.955075
-0.915025
-0.988325
-0.999972
-0.999205
-0.966832
-0.993542
